1558879968233, 1558879968233, 0, 43, 43
1558879969004, 1558879969255, 251, 1, 252
1558879970004, 1558879970029, 25, 1, 26
1558879971001, 1558879971026, 25, 0, 25
1558879972003, 1558879972025, 22, 1, 23
1558879973003, 1558879973041, 38, 1, 39
1558879974004, 1558879974025, 21, 1, 22
1558879975003, 1558879975048, 45, 1, 46
1558879976004, 1558879976026, 22, 2, 24
1558879977004, 1558879977038, 34, 2, 36
1558879978003, 1558879978025, 22, 1, 23
1558879979004, 1558879979020, 16, 2, 18
1558879980003, 1558879980036, 33, 1, 34
1558879981003, 1558879981036, 33, 1, 34
1558879982003, 1558879982034, 31, 1, 32
1558879983006, 1558879983024, 18, 2, 20
1558879984003, 1558879984018, 15, 1, 16
1558879985003, 1558879985020, 17, 1, 18
1558879986003, 1558879986037, 34, 1, 35
1558879987001, 1558879987012, 11, 1, 12
1558879988001, 1558879988040, 39, 1, 40
1558879989002, 1558879989018, 16, 1, 17
1558880181432, 1558880181432, 0, 44, 44
1558880182004, 1558880182236, 232, 1, 233
1558880183003, 1558880183024, 21, 1, 22
1558880184004, 1558880184024, 20, 1, 21
1558880185004, 1558880185025, 21, 2, 23
1558880186004, 1558880186045, 41, 2, 43
1558880187004, 1558880187041, 37, 2, 39
1558880360567, 1558880360567, 0, 43, 43
1558880361004, 1558880361275, 271, 1, 272
1558880362003, 1558880362024, 21, 1, 22
1558880363004, 1558880363025, 21, 1, 22
1558880364004, 1558880364045, 41, 1, 42
1558880365004, 1558880365045, 41, 1, 42
1558880366004, 1558880366045, 41, 2, 43
1558880484753, 1558880484753, 0, 46, 46
1558880485004, 1558880485382, 378, 2, 380
1558880486002, 1558880486048, 46, 1, 47
1558880487003, 1558880487023, 20, 1, 21
1558880488005, 1558880488109, 104, 3, 107
1558880489004, 1558880489057, 53, 2, 55
1558880490002, 1558880490055, 53, 1, 54
1558880491005, 1558880491028, 23, 3, 26
1558880492004, 1558880492023, 19, 2, 21
1558880493004, 1558880493042, 38, 2, 40
1558880494005, 1558880494052, 47, 2, 49
1558880495004, 1558880495042, 38, 2, 40
1558880496004, 1558880496021, 17, 2, 19
1558880497004, 1558880497040, 36, 2, 38
1558880498003, 1558880498043, 40, 2, 42
1558880499005, 1558880499030, 25, 2, 27
1558880500004, 1558880500023, 19, 2, 21
1558880501003, 1558880501022, 19, 1, 20
1558880502004, 1558880502035, 31, 2, 33
1558880503003, 1558880503016, 13, 1, 14
1558880996120, 1558880996120, 0, 57, 57
1558880997004, 1558880997270, 266, 2, 268
1558880998005, 1558880998036, 31, 2, 33
1558880999005, 1558880999051, 46, 2, 48
1558881000003, 1558881000029, 26, 1, 27
1558881001004, 1558881001054, 50, 2, 52
1558881002005, 1558881002047, 42, 2, 44
1558881003004, 1558881003029, 25, 2, 27
1558881004004, 1558881004025, 21, 2, 23
1558881005005, 1558881005038, 33, 3, 36
1558881006004, 1558881006050, 46, 2, 48
1558881007004, 1558881007026, 22, 2, 24
1558881008004, 1558881008021, 17, 2, 19
1558881009004, 1558881009021, 17, 2, 19
1558881010003, 1558881010055, 52, 1, 53
1558881011005, 1558881011040, 35, 2, 37
1558881012004, 1558881012026, 22, 2, 24
1558881013004, 1558881013026, 22, 2, 24
1558881014003, 1558881014035, 32, 2, 34
1558881015003, 1558881015017, 14, 1, 15
1558881016003, 1558881016017, 14, 1, 15
1558881017002, 1558881017020, 18, 1, 19
1558881153981, 1558881153981, 0, 49, 49
1558881154001, 1558881154315, 314, 0, 314
1558881155005, 1558881155031, 26, 3, 29
1558881156002, 1558881156031, 29, 1, 30
1558881157002, 1558881157075, 73, 1, 74
1558881158001, 1558881158054, 53, 1, 54
1558881159005, 1558881159079, 74, 3, 77
1558881160004, 1558881160041, 37, 2, 39
1558881161002, 1558881161085, 83, 1, 84
1558881162001, 1558881162087, 86, 1, 87
1558881163003, 1558881163108, 105, 1, 106
1558881164002, 1558881164034, 32, 1, 33
1558881165002, 1558881165057, 55, 1, 56
1558881166002, 1558881166026, 24, 1, 25
1558881167005, 1558881167067, 62, 3, 65
1558881168004, 1558881168020, 16, 1, 17
1558881169001, 1558881169065, 64, 0, 64
1558881170003, 1558881170127, 124, 1, 125
1558881171004, 1558881171049, 45, 2, 47
1558881172003, 1558881172015, 12, 2, 14
1558881173002, 1558881173018, 16, 0, 16
1558881174001, 1558881174054, 53, 0, 53
1558881175003, 1558881175027, 24, 2, 26
1558881176005, 1558881176014, 9, 3, 12
1558881177001, 1558881177053, 52, 0, 52
1558881178001, 1558881178022, 21, 0, 21
1558881179003, 1558881179030, 27, 1, 28
1558881180003, 1558881180021, 18, 2, 20
1558881181001, 1558881181032, 31, 1, 32
1558881182003, 1558881182049, 46, 2, 48
1558881183001, 1558881183020, 19, 0, 19
1558881184003, 1558881184034, 31, 1, 32
1558881185002, 1558881185087, 85, 1, 86
1558881323056, 1558881323056, 0, 51, 51
1558881323057, 1558881323323, 266, 0, 266
1558881324005, 1558881324032, 27, 2, 29
1558881325001, 1558881325038, 37, 0, 37
1558881326003, 1558881326049, 46, 2, 48
1558881327004, 1558881327053, 49, 1, 50
1558881328004, 1558881328025, 21, 2, 23
1558881329001, 1558881329095, 94, 1, 95
1558881330004, 1558881330057, 53, 2, 55
1558881331004, 1558881331049, 45, 2, 47
1558881332003, 1558881332020, 17, 1, 18
1558881333002, 1558881333043, 41, 1, 42
1558881334003, 1558881334096, 93, 2, 95
1558881335002, 1558881335039, 37, 1, 38
1558881336002, 1558881336070, 68, 1, 69
1558881337003, 1558881337075, 72, 1, 73
1558881338001, 1558881338054, 53, 0, 53
1558881339005, 1558881339103, 98, 1, 99
1558881340002, 1558881340036, 34, 1, 35
1558881341001, 1558881341089, 88, 0, 88
1558881793845, 1558881793845, 0, 70, 70
1558881794002, 1558881794257, 255, 1, 256
1558881795005, 1558881795045, 40, 2, 42
1558881796005, 1558881796079, 74, 3, 77
1558881797005, 1558881797092, 87, 3, 90
1558881798004, 1558881798040, 36, 2, 38
1558881799005, 1558881799058, 53, 2, 55
1558881800004, 1558881800061, 57, 2, 59
1558881801005, 1558881801044, 39, 2, 41
1558881802001, 1558881802027, 26, 0, 26
1558881803004, 1558881803049, 45, 2, 47
1558881804004, 1558881804048, 44, 2, 46
1558881805003, 1558881805025, 22, 1, 23
1558881806004, 1558881806035, 31, 2, 33
1558881807004, 1558881807018, 14, 1, 15
1558881808004, 1558881808018, 14, 1, 15
1558881809004, 1558881809019, 15, 2, 17
1558881810004, 1558881810016, 12, 2, 14
1558881811004, 1558881811018, 14, 2, 16
1558881812004, 1558881812029, 25, 2, 27
1558881813004, 1558881813019, 15, 2, 17
1558881814004, 1558881814014, 10, 2, 12
1558881815004, 1558881815016, 12, 3, 15
1558881816003, 1558881816014, 11, 1, 12
1558881817003, 1558881817015, 12, 1, 13
1558881818003, 1558881818014, 11, 2, 13
1558881819003, 1558881819014, 11, 2, 13
1558881820003, 1558881820017, 14, 1, 15
1558881821003, 1558881821027, 24, 1, 25
1558881822003, 1558881822024, 21, 1, 22
1558881823003, 1558881823017, 14, 1, 15
1558881824003, 1558881824020, 17, 2, 19
1558881825002, 1558881825027, 25, 1, 26
1558944289377, 1558944289377, 0, 53, 53
1558946949760, 1558946949760, 0, 54, 54
1558946950004, 1558946950307, 303, 2, 305
1558946951004, 1558946951043, 39, 2, 41
1558947055399, 1558947055399, 0, 48, 48
1558947056005, 1558947056262, 257, 2, 259
1558947057004, 1558947057053, 49, 2, 51
1558947058002, 1558947058038, 36, 1, 37
1558947059005, 1558947059076, 71, 2, 73
1558947060005, 1558947060110, 105, 3, 108
1558947061002, 1558947061054, 52, 1, 53
1558947077991, 1558947077991, 0, 47, 47
1558947078002, 1558947078266, 264, 1, 265
1558947079004, 1558947079027, 23, 2, 25
1558947080002, 1558947080028, 26, 1, 27
1558947081004, 1558947081036, 32, 2, 34
1558947082004, 1558947082040, 36, 2, 38
1558947083004, 1558947083022, 18, 2, 20
1558947084003, 1558947084030, 27, 1, 28
1558947085004, 1558947085021, 17, 2, 19
1558947086003, 1558947086023, 20, 2, 22
1558947087003, 1558947087048, 45, 2, 47
1558947196707, 1558947196707, 0, 52, 52
1558947197004, 1558947197298, 294, 2, 296
1558947198004, 1558947198051, 47, 2, 49
1558947199005, 1558947199045, 40, 2, 42
1558947200004, 1558947200050, 46, 2, 48
1558947201004, 1558947201053, 49, 2, 51
1558947202004, 1558947202046, 42, 2, 44
1558947203005, 1558947203060, 55, 3, 58
1558947204003, 1558947204020, 17, 2, 19
1558947229897, 1558947229897, 0, 46, 46
1558947230002, 1558947230258, 256, 1, 257
1558947231005, 1558947231048, 43, 3, 46
1558947232004, 1558947232044, 40, 2, 42
1558947233004, 1558947233053, 49, 2, 51
1558947234004, 1558947234050, 46, 2, 48
1558947235004, 1558947235020, 16, 2, 18
1558947236002, 1558947236039, 37, 1, 38
1558947237004, 1558947237021, 17, 2, 19
1558947238002, 1558947238027, 25, 1, 26
1558947239003, 1558947239079, 76, 1, 77
1558947240004, 1558947240033, 29, 2, 31
1558947241003, 1558947241038, 35, 1, 36
1558947242001, 1558947242014, 13, 0, 13
1558947243001, 1558947243017, 16, 0, 16
1558947244002, 1558947244015, 13, 1, 14
1558947245002, 1558947245021, 19, 1, 20
1558947246003, 1558947246044, 41, 1, 42
1558947247003, 1558947247038, 35, 1, 36
1558947248002, 1558947248009, 7, 1, 8
1558947249002, 1558947249013, 11, 1, 12
1558947250004, 1558947250027, 23, 2, 25
1558947251003, 1558947251031, 28, 1, 29
1558947252001, 1558947252011, 10, 0, 10
1558947253002, 1558947253011, 9, 1, 10
1558947254002, 1558947254014, 12, 1, 13
1558947322586, 1558947322586, 0, 60, 60
1558947323004, 1558947323283, 279, 2, 281
1558947324004, 1558947324028, 24, 2, 26
1558947325004, 1558947325022, 18, 2, 20
1558947326004, 1558947326024, 20, 2, 22
1558947327004, 1558947327025, 21, 2, 23
1558947328004, 1558947328022, 18, 2, 20
1558947329004, 1558947329027, 23, 2, 25
1558947330004, 1558947330022, 18, 2, 20
1558947331004, 1558947331018, 14, 2, 16
1558947332003, 1558947332025, 22, 1, 23
1558947333004, 1558947333023, 19, 2, 21
1558947334004, 1558947334039, 35, 2, 37
1558947335004, 1558947335017, 13, 2, 15
1558947336003, 1558947336018, 15, 2, 17
1558947337004, 1558947337016, 12, 2, 14
1558947338003, 1558947338015, 12, 2, 14
1558947339003, 1558947339022, 19, 2, 21
1558947369325, 1558947369325, 0, 53, 53
1558947443073, 1558947443073, 0, 54, 54
1558947443075, 1558947443337, 262, 1, 263
1558947444004, 1558947444027, 23, 2, 25
1558947445004, 1558947445027, 23, 2, 25
1558947446005, 1558947446027, 22, 2, 24
1558947447004, 1558947447030, 26, 2, 28
1558947448001, 1558947448022, 21, 0, 21
1558947449004, 1558947449052, 48, 2, 50
1558947450004, 1558947450042, 38, 2, 40
1558947532345, 1558947532345, 0, 59, 59
1558947533004, 1558947533258, 254, 2, 256
1558947534004, 1558947534028, 24, 2, 26
1558947535004, 1558947535026, 22, 2, 24
1558947536004, 1558947536026, 22, 2, 24
1558947537003, 1558947537039, 36, 1, 37
1558947538004, 1558947538019, 15, 2, 17
1558947539003, 1558947539029, 26, 2, 28
1558947540004, 1558947540065, 61, 2, 63
1558947541004, 1558947541022, 18, 2, 20
1558947542001, 1558947542026, 25, 0, 25
1558947727382, 1558947727382, 0, 47, 47
1558947728005, 1558947728295, 290, 2, 292
1558947729005, 1558947729049, 44, 2, 46
1558947730004, 1558947730042, 38, 1, 39
1558947731005, 1558947731050, 45, 2, 47
1558947732002, 1558947732029, 27, 1, 28
1558947733004, 1558947733044, 40, 2, 42
1558947734004, 1558947734060, 56, 2, 58
1558947735003, 1558947735065, 62, 1, 63
1558947736002, 1558947736047, 45, 1, 46
1558947737002, 1558947737027, 25, 1, 26
1558947738002, 1558947738018, 16, 1, 17
1558947739002, 1558947739014, 12, 1, 13
1558947740002, 1558947740018, 16, 1, 17
1558947741004, 1558947741017, 13, 2, 15
1558947742004, 1558947742019, 15, 1, 16
1558947743004, 1558947743017, 13, 2, 15
1558947744003, 1558947744016, 13, 1, 14
1558947745004, 1558947745016, 12, 2, 14
1558947746003, 1558947746025, 22, 2, 24
1558947747001, 1558947747016, 15, 0, 15
1558947748003, 1558947748027, 24, 2, 26
1558947749004, 1558947749024, 20, 3, 23
1558947750003, 1558947750027, 24, 2, 26
1558947751002, 1558947751025, 23, 1, 24
1558947752003, 1558947752022, 19, 1, 20
1558947753003, 1558947753025, 22, 2, 24
1558947754003, 1558947754026, 23, 2, 25
1558947755003, 1558947755049, 46, 1, 47
1558947756003, 1558947756024, 21, 1, 22
1558947757003, 1558947757025, 22, 2, 24
1558947758003, 1558947758030, 27, 1, 28
1558947759003, 1558947759030, 27, 1, 28
1558947760003, 1558947760022, 19, 2, 21
1558947761003, 1558947761021, 18, 2, 20
1558947762002, 1558947762021, 19, 1, 20
1558947763003, 1558947763024, 21, 1, 22
1558947764002, 1558947764020, 18, 1, 19
1558947765003, 1558947765013, 10, 1, 11
1558947766002, 1558947766019, 17, 1, 18
1558947767003, 1558947767029, 26, 1, 27
1558947768003, 1558947768025, 22, 2, 24
1558947769003, 1558947769021, 18, 1, 19
1558947770003, 1558947770022, 19, 1, 20
1558947771002, 1558947771024, 22, 1, 23
1558947772003, 1558947772020, 17, 1, 18
1558947773002, 1558947773031, 29, 1, 30
1558947774003, 1558947774020, 17, 1, 18
1558947775003, 1558947775021, 18, 1, 19
1558947776001, 1558947776007, 6, 1, 7
1558947777001, 1558947777010, 9, 0, 9
1558947778001, 1558947778013, 12, 0, 12
1558947779002, 1558947779050, 48, 1, 49
1558947780003, 1558947780026, 23, 1, 24
1558947781002, 1558947781020, 18, 1, 19
1558947782001, 1558947782008, 7, 0, 7
1558947783002, 1558947783016, 14, 1, 15
1558947784002, 1558947784010, 8, 1, 9
1558947785002, 1558947785019, 17, 1, 18
1558947786002, 1558947786017, 15, 1, 16
1558947787001, 1558947787012, 11, 0, 11
1558947788002, 1558947788034, 32, 1, 33
1558947789002, 1558947789018, 16, 1, 17
1558947790003, 1558947790019, 16, 1, 17
1558947791002, 1558947791016, 14, 1, 15
1558947792002, 1558947792011, 9, 1, 10
1558947793002, 1558947793015, 13, 1, 14
1558947794002, 1558947794023, 21, 1, 22
1558947795002, 1558947795015, 13, 1, 14
1558947796001, 1558947796006, 5, 1, 6
1558947797002, 1558947797016, 14, 1, 15
1558947798002, 1558947798022, 20, 1, 21
1558947799002, 1558947799015, 13, 1, 14
1558947800002, 1558947800023, 21, 1, 22
1558947801002, 1558947801018, 16, 1, 17
1558947802002, 1558947802017, 15, 1, 16
1558947803002, 1558947803019, 17, 1, 18
1558947804002, 1558947804044, 42, 0, 42
1558947805002, 1558947805021, 19, 1, 20
1558947806002, 1558947806015, 13, 1, 14
1558947807002, 1558947807014, 12, 1, 13
1558947808002, 1558947808010, 8, 0, 8
1558947809002, 1558947809016, 14, 1, 15
1558947810003, 1558947810017, 14, 1, 15
1558947811003, 1558947811020, 17, 2, 19
1558947812002, 1558947812019, 17, 1, 18
1558947813003, 1558947813022, 19, 1, 20
1558947814002, 1558947814019, 17, 1, 18
1558947815002, 1558947815020, 18, 1, 19
1558947816000, 1558947816006, 6, 0, 6
1558947817002, 1558947817018, 16, 1, 17
1558947818001, 1558947818026, 25, 1, 26
1558947819001, 1558947819007, 6, 1, 7
1558947820001, 1558947820015, 14, 0, 14
1558947928961, 1558947928961, 0, 46, 46
1558947929002, 1558947929252, 250, 1, 251
1558947930005, 1558947930029, 24, 2, 26
1558947931004, 1558947931019, 15, 2, 17
1558947932003, 1558947932023, 20, 1, 21
1558947933004, 1558947933053, 49, 2, 51
1558948075815, 1558948075815, 0, 56, 56
1558948076006, 1558948076298, 292, 2, 294
1558948077005, 1558948077029, 24, 3, 27
1558948078002, 1558948078047, 45, 1, 46
1558948079005, 1558948079063, 58, 2, 60
1558948218705, 1558948218705, 0, 46, 46
1558948219005, 1558948219316, 311, 2, 313
1558948220004, 1558948220031, 27, 2, 29
1558948221002, 1558948221023, 21, 1, 22
1558948222004, 1558948222112, 108, 2, 110
1558948223004, 1558948223036, 32, 2, 34
1558948224004, 1558948224024, 20, 2, 22
1558948586000, 1558948586000, 0, 45, 45
1558948587005, 1558948587005, 0, 2, 2
1558948589005, 1558948589005, 0, 2, 2
1558948666281, 1558948687456, 21175, 55, 21230
1558948726860, 1558949376974, 650114, 1, 650115
1558949413119, 1558949413119, 0, 49, 49
1558949414005, 1558949414154, 149, 3, 152
1558949712627, 1558949712627, 0, 42, 42
1558949713003, 1558949713160, 157, 1, 158
1558949714003, 1558949714056, 53, 1, 54
1558949715003, 1558949715042, 39, 1, 40
1558949716003, 1558949716038, 35, 1, 36
1558949717003, 1558949717033, 30, 1, 31
1558949718003, 1558949718003, 0, 1, 1
1559045455655, 1559045455655, 0, 47, 47
1559045456005, 1559045456187, 182, 2, 184
1559045457004, 1559045457029, 25, 2, 27
1559045458001, 1559045458016, 15, 0, 15
1559045568685, 1559045568833, 148, 48, 196
1559045569001, 1559045569047, 46, 0, 46
1559045570004, 1559045570029, 25, 2, 27
1559045571003, 1559045571035, 32, 1, 33
1559045616908, 1559045617060, 152, 47, 199
1559045617063, 1559045617088, 25, 0, 25
1559045618005, 1559045618036, 31, 2, 33
1559045619003, 1559045619046, 43, 1, 44
1559045942422, 1559045942681, 259, 45, 304
1559045943005, 1559045943064, 59, 2, 61
1559045944002, 1559045944022, 20, 1, 21
1559045945004, 1559045945127, 123, 2, 125
1559045946004, 1559045946056, 52, 2, 54
1559045947004, 1559045947058, 54, 1, 55
1559045948002, 1559045948002, 0, 1, 1
1559045949004, 1559045949004, 0, 2, 2
1559045950004, 1559045950004, 0, 1, 1
1559045951004, 1559045951004, 0, 1, 1
1559045952002, 1559045952002, 0, 1, 1
1559045953004, 1559045953004, 0, 2, 2
1559045954002, 1559045954002, 0, 1, 1
1559045955004, 1559045955004, 0, 2, 2
1559045956004, 1559045956004, 0, 2, 2
1559045957005, 1559045957005, 0, 2, 2
1559045958003, 1559045958003, 0, 1, 1
1559046038636, 1559046038927, 291, 48, 339
1559046039002, 1559046039132, 130, 1, 131
1559046040005, 1559046040042, 37, 3, 40
1559046041002, 1559046041036, 34, 1, 35
1559046042004, 1559046042063, 59, 2, 61
1559046043004, 1559046043054, 50, 2, 52
1559046044004, 1559046044005, 1, 1, 2
1559046045004, 1559046045043, 39, 2, 41
1559046046004, 1559046046056, 52, 2, 54
1559046047004, 1559046047062, 58, 2, 60
1559046048004, 1559046048052, 48, 2, 50
1559046049003, 1559046049048, 45, 1, 46
1559046050004, 1559046050041, 37, 2, 39
1559046051003, 1559046051003, 0, 1, 1
1559046052004, 1559046052041, 37, 2, 39
1559046053004, 1559046053047, 43, 1, 44
1559046054002, 1559046054098, 96, 1, 97
1559046055001, 1559046055035, 34, 0, 34
1559046056009, 1559046056051, 42, 2, 44
1559046057002, 1559046057043, 41, 1, 42
1559046058001, 1559046058001, 0, 1, 1
1559046059004, 1559046059013, 9, 2, 11
1559046060001, 1559046060011, 10, 1, 11
1559046061004, 1559046061029, 25, 3, 28
1559046062003, 1559046062022, 19, 2, 21
1559046063003, 1559046063014, 11, 1, 12
1559046064003, 1559046064020, 17, 1, 18
1559046851984, 1559046852309, 325, 48, 373
1559046852314, 1559046852368, 54, 1, 55
1559046853006, 1559046853126, 120, 2, 122
1559046854002, 1559046854030, 28, 1, 29
1559046855005, 1559046855151, 146, 3, 149
1559046856004, 1559046856081, 77, 2, 79
1559046857002, 1559046857002, 0, 1, 1
1559046858002, 1559046858042, 40, 1, 41
1559047060412, 1559047060683, 271, 47, 318
1559047061004, 1559047061150, 146, 2, 148
1559047062002, 1559047062048, 46, 1, 47
1559047063005, 1559047063084, 79, 3, 82
1559047064004, 1559047064067, 63, 2, 65
1559047065003, 1559047065032, 29, 1, 30
1559047066003, 1559047066040, 37, 1, 38
1559047067004, 1559047067074, 70, 2, 72
1559048348856, 1559048349176, 320, 46, 366
1559048349177, 1559048349232, 55, 0, 55
1559048350005, 1559048350036, 31, 2, 33
1559048351002, 1559048351061, 59, 1, 60
1559048352004, 1559048352100, 96, 2, 98
1559048419830, 1559048420155, 325, 41, 366
1559048420156, 1559048420201, 45, 1, 46
1559048421002, 1559048421045, 43, 1, 44
1559048422002, 1559048422087, 85, 1, 86
1559048423004, 1559048423093, 89, 2, 91
1559048479166, 1559048479458, 292, 54, 346
1559048480006, 1559048480068, 62, 3, 65
1559048481002, 1559048481064, 62, 1, 63
1559048664704, 1559048665120, 416, 64, 480
1559048665122, 1559048665209, 87, 1, 88
1559048666002, 1559048666077, 75, 1, 76
1559048667004, 1559048667093, 89, 1, 90
1559048668004, 1559048668139, 135, 2, 137
1559048669005, 1559048669064, 59, 2, 61
1559048670004, 1559048670026, 22, 1, 23
1559048671003, 1559048671034, 31, 1, 32
1559048672004, 1559048672043, 39, 1, 40
1559048673004, 1559048673044, 40, 1, 41
1559048674003, 1559048674055, 52, 1, 53
1559048675003, 1559048675043, 40, 1, 41
1559048676004, 1559048676034, 30, 2, 32
1559048677004, 1559048677034, 30, 2, 32
1559048678001, 1559048678028, 27, 1, 28
1559048679006, 1559048679044, 38, 2, 40
1559048680002, 1559048680032, 30, 1, 31
1559048681004, 1559048681047, 43, 2, 45
1559048682004, 1559048682033, 29, 2, 31
1559048683003, 1559048683026, 23, 1, 24
1559048684003, 1559048684019, 16, 1, 17
1559048685003, 1559048685016, 13, 2, 15
1559048686002, 1559048686012, 10, 1, 11
1559048687003, 1559048687025, 22, 1, 23
1559048688003, 1559048688024, 21, 2, 23
1559049062236, 1559049062503, 267, 45, 312
1559049063005, 1559049063071, 66, 3, 69
1559049064002, 1559049064056, 54, 1, 55
1559049065005, 1559049065079, 74, 2, 76
1559049066004, 1559049066099, 95, 2, 97
1559049067004, 1559049067045, 41, 2, 43
1559049068004, 1559049068053, 49, 2, 51
1559049069003, 1559049069043, 40, 2, 42
1559049070003, 1559049070044, 41, 1, 42
1559049071003, 1559049071023, 20, 1, 21
1559049072003, 1559049072040, 37, 1, 38
1559049073004, 1559049073042, 38, 2, 40
1559049074003, 1559049074020, 17, 1, 18
1559049075003, 1559049075026, 23, 1, 24
1559049076004, 1559049076037, 33, 2, 35
1559049077003, 1559049077018, 15, 1, 16
1559049078004, 1559049078036, 32, 2, 34
1559049079003, 1559049079016, 13, 2, 15
1559049080003, 1559049080032, 29, 1, 30
1559049081003, 1559049081033, 30, 1, 31
1559049082003, 1559049082038, 35, 2, 37
1559049083003, 1559049083033, 30, 2, 32
1559049084003, 1559049084035, 32, 2, 34
1559049085001, 1559049085014, 13, 0, 13
1559049086001, 1559049086008, 7, 0, 7
1559049087003, 1559049087023, 20, 2, 22
1559049088002, 1559049088027, 25, 1, 26
1559049089002, 1559049089026, 24, 1, 25
1559049090003, 1559049090028, 25, 1, 26
1559049091005, 1559049091024, 19, 3, 22
1559049092003, 1559049092025, 22, 1, 23
1559049093003, 1559049093016, 13, 1, 14
1559049094003, 1559049094019, 16, 2, 18
1559049095001, 1559049095009, 8, 1, 9
1559049096002, 1559049096025, 23, 1, 24
1559049097002, 1559049097019, 17, 1, 18
1559049098002, 1559049098020, 18, 1, 19
1559049099002, 1559049099026, 24, 1, 25
1559049100003, 1559049100022, 19, 2, 21
1559049101002, 1559049101013, 11, 1, 12
1559049197053, 1559049197321, 268, 59, 327
1559049197322, 1559049197357, 35, 1, 36
1559049198005, 1559049198045, 40, 3, 43
1559049199002, 1559049199045, 43, 1, 44
1559049200001, 1559049200048, 47, 0, 47
1559049201005, 1559049201037, 32, 2, 34
1559049202004, 1559049202046, 42, 2, 44
1559049203004, 1559049203025, 21, 2, 23
1559049204004, 1559049204036, 32, 2, 34
1559049205005, 1559049205028, 23, 2, 25
1559049206005, 1559049206031, 26, 2, 28
1559049207003, 1559049207019, 16, 1, 17
1559049208004, 1559049208018, 14, 1, 15
1559049209003, 1559049209022, 19, 1, 20
1559049210004, 1559049210039, 35, 2, 37
1559049411723, 1559049411993, 270, 47, 317
1559049412001, 1559049412034, 33, 0, 33
1559049413002, 1559049413085, 83, 1, 84
1559049414002, 1559049414058, 56, 1, 57
1559049415005, 1559049415031, 26, 3, 29
1559049416004, 1559049416023, 19, 2, 21
1559049417005, 1559049417021, 16, 2, 18
1559049418004, 1559049418016, 12, 2, 14
1559049419004, 1559049419023, 19, 2, 21
1559049420005, 1559049420030, 25, 2, 27
1559049421004, 1559049421018, 14, 2, 16
1559049422003, 1559049422016, 13, 2, 15
1559049423004, 1559049423014, 10, 2, 12
1559049424003, 1559049424015, 12, 1, 13
1559049425004, 1559049425017, 13, 2, 15
1559049426004, 1559049426016, 12, 2, 14
1559049427004, 1559049427023, 19, 2, 21
1559049428004, 1559049428039, 35, 2, 37
1559049429003, 1559049429029, 26, 1, 27
1559049430004, 1559049430029, 25, 2, 27
1559049431003, 1559049431033, 30, 1, 31
1559049432004, 1559049432030, 26, 2, 28
1559049433002, 1559049433014, 12, 1, 13
1559049434001, 1559049434053, 52, 0, 52
1559049435003, 1559049435023, 20, 2, 22
1559049436003, 1559049436010, 7, 2, 9
1559049437004, 1559049437011, 7, 3, 10
1559049438003, 1559049438010, 7, 2, 9
1559049439003, 1559049439012, 9, 2, 11
1559049440003, 1559049440015, 12, 1, 13
1559049441003, 1559049441009, 6, 1, 7
1559049442004, 1559049442009, 5, 2, 7
1559049443003, 1559049443013, 10, 1, 11
1559049444004, 1559049444019, 15, 2, 17
1559049553288, 1559049553569, 281, 47, 328
1559049554002, 1559049554067, 65, 1, 66
1559049555002, 1559049555026, 24, 1, 25
1559049556005, 1559049556110, 105, 3, 108
1559049557003, 1559049557062, 59, 1, 60
1559049558004, 1559049558035, 31, 1, 32
1559049559004, 1559049559042, 38, 2, 40
1559049560004, 1559049560018, 14, 2, 16
1559049561003, 1559049561041, 38, 2, 40
1559049562003, 1559049562044, 41, 2, 43
1559049563001, 1559049563052, 51, 0, 51
1559049564003, 1559049564021, 18, 1, 19
1559049565004, 1559049565015, 11, 1, 12
1559049566004, 1559049566032, 28, 2, 30
1559049567002, 1559049567017, 15, 1, 16
1559049568005, 1559049568016, 11, 2, 13
1559049569003, 1559049569017, 14, 1, 15
1559049570003, 1559049570012, 9, 1, 10
1559049571003, 1559049571017, 14, 1, 15
1559049572003, 1559049572012, 9, 1, 10
1559049573004, 1559049573019, 15, 2, 17
1559049574003, 1559049574021, 18, 2, 20
1559049575002, 1559049575012, 10, 1, 11
1559049576003, 1559049576045, 42, 1, 43
1559049577003, 1559049577011, 8, 1, 9
1559049578003, 1559049578012, 9, 1, 10
1559049579002, 1559049579009, 7, 1, 8
1559049580003, 1559049580009, 6, 2, 8
1559049581002, 1559049581012, 10, 1, 11
1559049582003, 1559049582010, 7, 2, 9
1559049583002, 1559049583010, 8, 1, 9
1559049584002, 1559049584010, 8, 1, 9
1559049585002, 1559049585011, 9, 1, 10
1559049586003, 1559049586010, 7, 1, 8
1559049587002, 1559049587009, 7, 1, 8
1559049588002, 1559049588015, 13, 1, 14
1559049589003, 1559049589013, 10, 2, 12
1559049590002, 1559049590009, 7, 1, 8
1559049591002, 1559049591010, 8, 1, 9
1559049592002, 1559049592008, 6, 1, 7
1559049593002, 1559049593007, 5, 1, 6
1559049594003, 1559049594014, 11, 1, 12
1559049595003, 1559049595014, 11, 1, 12
1559049871807, 1559049872086, 279, 53, 332
1559049872092, 1559049872125, 33, 1, 34
1559049873005, 1559049873044, 39, 2, 41
1559049874002, 1559049874048, 46, 1, 47
1559049875005, 1559049875121, 116, 2, 118
1559049876005, 1559049876038, 33, 2, 35
1559049877004, 1559049877025, 21, 1, 22
1559049878003, 1559049878039, 36, 1, 37
1559049879004, 1559049879033, 29, 2, 31
1559049880004, 1559049880029, 25, 2, 27
1559049881004, 1559049881017, 13, 2, 15
1559049882003, 1559049882016, 13, 2, 15
1559049883004, 1559049883016, 12, 2, 14
1559049884003, 1559049884029, 26, 1, 27
1559049885002, 1559049885025, 23, 1, 24
1559049886005, 1559049886040, 35, 1, 36
1559049887004, 1559049887037, 33, 2, 35
1559049888004, 1559049888035, 31, 2, 33
1559049889001, 1559049889020, 19, 0, 19
1559049890003, 1559049890026, 23, 1, 24
1559049891003, 1559049891025, 22, 1, 23
1559049892001, 1559049892006, 5, 0, 5
1559049893003, 1559049893013, 10, 1, 11
1559049894003, 1559049894052, 49, 2, 51
1559049895002, 1559049895014, 12, 1, 13
1559049896003, 1559049896017, 14, 2, 16
1559049897003, 1559049897016, 13, 2, 15
1559049898003, 1559049898019, 16, 2, 18
1559049899003, 1559049899018, 15, 2, 17
1559049900003, 1559049900017, 14, 2, 16
1559049901002, 1559049901013, 11, 1, 12
1559049902002, 1559049902006, 4, 1, 5
1559049903003, 1559049903016, 13, 1, 14
1559049904003, 1559049904015, 12, 1, 13
1559049905002, 1559049905016, 14, 1, 15
1559049906002, 1559049906015, 13, 1, 14
1559049907002, 1559049907009, 7, 1, 8
1559049981699, 1559049981966, 267, 49, 316
1559049982002, 1559049982038, 36, 1, 37
1559049983002, 1559049983080, 78, 0, 78
1559049984010, 1559049984139, 129, 1, 130
1559049985002, 1559049985076, 74, 1, 75
1559049986003, 1559049986073, 70, 1, 71
1559049987004, 1559049987024, 20, 1, 21
1559049988004, 1559049988026, 22, 2, 24
1559049989004, 1559049989036, 32, 2, 34
1559049990002, 1559049990030, 28, 1, 29
1559049991003, 1559049991053, 50, 1, 51
1559049992004, 1559049992040, 36, 2, 38
1559049993004, 1559049993035, 31, 2, 33
1559049994004, 1559049994024, 20, 2, 22
1559049995003, 1559049995022, 19, 1, 20
1559049996004, 1559049996028, 24, 1, 25
1559049997004, 1559049997020, 16, 2, 18
1559049998004, 1559049998023, 19, 2, 21
1559049999003, 1559049999012, 9, 2, 11
1559050000002, 1559050000010, 8, 1, 9
1559050001003, 1559050001011, 8, 2, 10
1559050002003, 1559050002011, 8, 2, 10
1559050003004, 1559050003022, 18, 3, 21
1559050004016, 1559050004026, 10, 14, 24
1559050005002, 1559050005021, 19, 1, 20
1559050006002, 1559050006010, 8, 1, 9
1559050007003, 1559050007010, 7, 1, 8
1559050008003, 1559050008010, 7, 1, 8
1559050009003, 1559050009010, 7, 2, 9
1559050010002, 1559050010017, 15, 1, 16
1559050011003, 1559050011016, 13, 1, 14
1559050012003, 1559050012011, 8, 1, 9
1559050013003, 1559050013010, 7, 1, 8
1559050014003, 1559050014019, 16, 2, 18
1559050015002, 1559050015009, 7, 1, 8
1559050016002, 1559050016015, 13, 1, 14
1559050017004, 1559050017018, 14, 2, 16
1559050018003, 1559050018019, 16, 1, 17
1559050019001, 1559050019008, 7, 0, 7
1559050020002, 1559050020018, 16, 1, 17
1559050021003, 1559050021015, 12, 1, 13
1559050022003, 1559050022022, 19, 1, 20
1559050023003, 1559050023017, 14, 1, 15
1559050024003, 1559050024026, 23, 1, 24
1559050025001, 1559050025013, 12, 1, 13
1559050026001, 1559050026006, 5, 0, 5
1559050027002, 1559050027008, 6, 1, 7
1559050028003, 1559050028056, 53, 2, 55
1559050029002, 1559050029008, 6, 1, 7
1559050030003, 1559050030015, 12, 1, 13
1559050031001, 1559050031005, 4, 1, 5
1559050032003, 1559050032018, 15, 1, 16
1559050033003, 1559050033015, 12, 1, 13
1559050034003, 1559050034015, 12, 2, 14
1559050035002, 1559050035014, 12, 1, 13
1559050036002, 1559050036013, 11, 1, 12
1559050037001, 1559050037009, 8, 1, 9
1559050038001, 1559050038008, 7, 0, 7
1559050039002, 1559050039013, 11, 1, 12
1559050040001, 1559050040005, 4, 1, 5
1559050041002, 1559050041020, 18, 1, 19
1559050042002, 1559050042018, 16, 1, 17
1559050043002, 1559050043013, 11, 1, 12
1559050044001, 1559050044005, 4, 0, 4
1559050045002, 1559050045006, 4, 1, 5
1559050046001, 1559050046007, 6, 0, 6
1559050047001, 1559050047013, 12, 1, 13
1559050048001, 1559050048015, 14, 0, 14
1559050049002, 1559050049013, 11, 1, 12
1559050050002, 1559050050010, 8, 1, 9
1559050051002, 1559050051017, 15, 1, 16
1559050052001, 1559050052006, 5, 0, 5
1559050053001, 1559050053008, 7, 1, 8
1559050054004, 1559050054016, 12, 1, 13
1559050409365, 1559050409626, 261, 49, 310
1559050410004, 1559050410112, 108, 2, 110
1559050411002, 1559050411028, 26, 1, 27
1559050412004, 1559050412158, 154, 1, 155
1559050413005, 1559050413049, 44, 2, 46
1559050414004, 1559050414035, 31, 1, 32
1559050415004, 1559050415042, 38, 2, 40
1559050416001, 1559050416037, 36, 1, 37
1559050417004, 1559050417037, 33, 2, 35
1559050418004, 1559050418056, 52, 1, 53
1559050419004, 1559050419042, 38, 1, 39
1559050420001, 1559050420042, 41, 0, 41
1559050421004, 1559050421028, 24, 2, 26
1559050422005, 1559050422029, 24, 2, 26
1559050423005, 1559050423041, 36, 2, 38
1559050424003, 1559050424016, 13, 1, 14
1559050425002, 1559050425020, 18, 1, 19
1559050426002, 1559050426013, 11, 1, 12
1559050427005, 1559050427041, 36, 2, 38
1559050428003, 1559050428021, 18, 1, 19
1559050429002, 1559050429015, 13, 1, 14
1559050430005, 1559050430034, 29, 4, 33
1559050431006, 1559050431028, 22, 5, 27
1559050432003, 1559050432019, 16, 1, 17
1559050433003, 1559050433012, 9, 2, 11
1559050434002, 1559050434013, 11, 1, 12
1559050435003, 1559050435010, 7, 1, 8
1559050436003, 1559050436010, 7, 1, 8
1559050437003, 1559050437011, 8, 1, 9
1559050438003, 1559050438012, 9, 1, 10
1559050439003, 1559050439013, 10, 1, 11
1559050440003, 1559050440011, 8, 1, 9
1559050441003, 1559050441011, 8, 1, 9
1559050442003, 1559050442021, 18, 2, 20
1559050443002, 1559050443006, 4, 1, 5
1559050444002, 1559050444010, 8, 1, 9
1559050445002, 1559050445012, 10, 1, 11
1559050446003, 1559050446011, 8, 1, 9
1559050447003, 1559050447009, 6, 2, 8
1559050448002, 1559050448009, 7, 1, 8
1559050449002, 1559050449013, 11, 1, 12
1559050450003, 1559050450010, 7, 1, 8
1559050451003, 1559050451009, 6, 1, 7
1559050452003, 1559050452011, 8, 1, 9
1559050453002, 1559050453010, 8, 1, 9
1559050454002, 1559050454008, 6, 1, 7
1559050455003, 1559050455009, 6, 1, 7
1559050456003, 1559050456010, 7, 2, 9
1559050457002, 1559050457028, 26, 1, 27
1559050458003, 1559050458009, 6, 1, 7
1559050459002, 1559050459008, 6, 1, 7
1559050460002, 1559050460010, 8, 1, 9
1559050461002, 1559050461009, 7, 1, 8
1559050462002, 1559050462009, 7, 0, 7
1559050463002, 1559050463009, 7, 1, 8
1559050464003, 1559050464010, 7, 1, 8
1559050465002, 1559050465013, 11, 1, 12
1559050466002, 1559050466009, 7, 1, 8
1559050467003, 1559050467009, 6, 1, 7
1559050468002, 1559050468048, 46, 1, 47
1559050469003, 1559050469010, 7, 1, 8
1559050470003, 1559050470015, 12, 1, 13
1559050471001, 1559050471005, 4, 0, 4
1559050472002, 1559050472009, 7, 1, 8
1559050473002, 1559050473012, 10, 1, 11
1559050670142, 1559050670441, 299, 54, 353
1559050671004, 1559050671058, 54, 2, 56
1559050672002, 1559050672033, 31, 0, 31
1559050673004, 1559050673033, 29, 2, 31
1559050674004, 1559050674051, 47, 2, 49
1559050675003, 1559050675023, 20, 1, 21
1559050676003, 1559050676025, 22, 1, 23
1559050677003, 1559050677049, 46, 1, 47
1559050678004, 1559050678020, 16, 2, 18
1559050679004, 1559050679039, 35, 2, 37
1559050680004, 1559050680015, 11, 2, 13
1559050681003, 1559050681027, 24, 1, 25
1559050682004, 1559050682039, 35, 2, 37
1559050683004, 1559050683024, 20, 2, 22
1559050684003, 1559050684017, 14, 1, 15
1559050685005, 1559050685015, 10, 2, 12
1559050686003, 1559050686031, 28, 1, 29
1559050687004, 1559050687017, 13, 2, 15
1559050688003, 1559050688019, 16, 1, 17
1559050689003, 1559050689011, 8, 1, 9
1559050690003, 1559050690023, 20, 1, 21
1559050691004, 1559050691013, 9, 2, 11
1559050692003, 1559050692013, 10, 1, 11
1559050693003, 1559050693010, 7, 1, 8
1559050694003, 1559050694017, 14, 1, 15
1559050695003, 1559050695009, 6, 1, 7
1559050696003, 1559050696009, 6, 2, 8
1559050697002, 1559050697011, 9, 1, 10
1559050698003, 1559050698011, 8, 1, 9
1559050699002, 1559050699012, 10, 0, 10
1559050700002, 1559050700010, 8, 1, 9
1559050701002, 1559050701010, 8, 1, 9
1559050702003, 1559050702011, 8, 1, 9
1559050703003, 1559050703010, 7, 1, 8
1559050704003, 1559050704010, 7, 1, 8
1559050705003, 1559050705014, 11, 2, 13
1559050706002, 1559050706010, 8, 1, 9
1559050707002, 1559050707011, 9, 1, 10
1559050708002, 1559050708010, 8, 1, 9
1559050709003, 1559050709012, 9, 1, 10
1559050710002, 1559050710010, 8, 1, 9
1559050711003, 1559050711010, 7, 1, 8
1559050712003, 1559050712010, 7, 1, 8
1559050713003, 1559050713010, 7, 1, 8
1559050714002, 1559050714016, 14, 1, 15
1559050715001, 1559050715006, 5, 0, 5
1559050716002, 1559050716012, 10, 1, 11
1559050777722, 1559050778001, 279, 45, 324
1559050778004, 1559050778047, 43, 1, 44
1559050779002, 1559050779024, 22, 1, 23
1559050780002, 1559050780021, 19, 1, 20
1559050818106, 1559050818366, 260, 52, 312
1559050819004, 1559050819054, 50, 2, 52
1559050820002, 1559050820029, 27, 1, 28
1559050821004, 1559050821115, 111, 2, 113
1559050822005, 1559050822038, 33, 2, 35
1559050823004, 1559050823028, 24, 1, 25
1559050824004, 1559050824021, 17, 1, 18
1559050825005, 1559050825034, 29, 2, 31
1559050826004, 1559050826014, 10, 1, 11
1559050827004, 1559050827017, 13, 2, 15
1559050828003, 1559050828017, 14, 1, 15
1559050829004, 1559050829021, 17, 1, 18
1559050830004, 1559050830015, 11, 2, 13
1559050831004, 1559050831022, 18, 2, 20
1559050832004, 1559050832013, 9, 2, 11
1559050833005, 1559050833015, 10, 2, 12
1559050834003, 1559050834015, 12, 1, 13
1559050835004, 1559050835015, 11, 2, 13
1559050836003, 1559050836017, 14, 1, 15
1559050837003, 1559050837012, 9, 1, 10
1559050838004, 1559050838021, 17, 2, 19
1559050839003, 1559050839028, 25, 2, 27
1559050840003, 1559050840012, 9, 2, 11
1559050841003, 1559050841015, 12, 1, 13
1559050842003, 1559050842022, 19, 2, 21
1559050843003, 1559050843011, 8, 2, 10
1559050844002, 1559050844016, 14, 1, 15
1559050845004, 1559050845013, 9, 2, 11
1559050846002, 1559050846010, 8, 1, 9
1559050847003, 1559050847009, 6, 1, 7
1559050848003, 1559050848013, 10, 1, 11
1559050849003, 1559050849010, 7, 1, 8
1559050850003, 1559050850011, 8, 2, 10
1559050917429, 1559050917713, 284, 49, 333
1559050918004, 1559050918141, 137, 2, 139
1559050919002, 1559050919045, 43, 1, 44
1559050920004, 1559050920084, 80, 2, 82
1559050921004, 1559050921056, 52, 2, 54
1559050922003, 1559050922039, 36, 1, 37
1559050923003, 1559050923022, 19, 1, 20
1559050924003, 1559050924024, 21, 1, 22
1559050925004, 1559050925036, 32, 2, 34
1559050926003, 1559050926020, 17, 1, 18
1559050927004, 1559050927015, 11, 2, 13
1559050928004, 1559050928020, 16, 3, 19
1559050929003, 1559050929016, 13, 1, 14
1559050930003, 1559050930031, 28, 1, 29
1559050931004, 1559050931018, 14, 2, 16
1559050932004, 1559050932030, 26, 1, 27
1559050933004, 1559050933025, 21, 2, 23
1559050934003, 1559050934012, 9, 1, 10
1559050935002, 1559050935014, 12, 1, 13
1559050936003, 1559050936010, 7, 1, 8
1559050937005, 1559050937010, 5, 3, 8
1559050938003, 1559050938054, 51, 2, 53
1559050939002, 1559050939018, 16, 1, 17
1559050940002, 1559050940011, 9, 1, 10
1559050941002, 1559050941022, 20, 1, 21
1559050942003, 1559050942010, 7, 1, 8
1559050943003, 1559050943012, 9, 2, 11
1559050944002, 1559050944011, 9, 1, 10
1559050945003, 1559050945023, 20, 1, 21
1559050946003, 1559050946014, 11, 2, 13
1559051024882, 1559051025182, 300, 48, 348
1559051025187, 1559051025235, 48, 1, 49
1559051026004, 1559051026062, 58, 2, 60
1559051027004, 1559051027022, 18, 2, 20
1559051028003, 1559051028063, 60, 1, 61
1559051029003, 1559051029019, 16, 1, 17
1559051030003, 1559051030022, 19, 2, 21
1559051031003, 1559051031024, 21, 1, 22
1559051032003, 1559051032018, 15, 1, 16
1559051033003, 1559051033024, 21, 1, 22
1559051034003, 1559051034021, 18, 1, 19
1559051035002, 1559051035029, 27, 1, 28
1559051052738, 1559051053037, 299, 44, 343
1559051053051, 1559051053112, 61, 0, 61
1559051054004, 1559051054030, 26, 1, 27
1559051055002, 1559051055037, 35, 0, 35
1559051056004, 1559051056095, 91, 2, 93
1559051057005, 1559051057050, 45, 2, 47
1559051058004, 1559051058026, 22, 2, 24
1559051059004, 1559051059034, 30, 1, 31
1559051060004, 1559051060024, 20, 2, 22
1559051061004, 1559051061041, 37, 2, 39
1559051062004, 1559051062019, 15, 2, 17
1559051063003, 1559051063020, 17, 2, 19
1559051064003, 1559051064015, 12, 2, 14
1559051065003, 1559051065020, 17, 2, 19
1559051066003, 1559051066028, 25, 2, 27
1559051067005, 1559051067033, 28, 2, 30
1559051068003, 1559051068031, 28, 1, 29
1559051069004, 1559051069023, 19, 1, 20
1559051070003, 1559051070024, 21, 1, 22
1559051071003, 1559051071031, 28, 1, 29
1559051111764, 1559051112074, 310, 44, 354
1559051112091, 1559051112132, 41, 1, 42
1559051113005, 1559051113036, 31, 2, 33
1559051114002, 1559051114019, 17, 1, 18
1559051115004, 1559051115129, 125, 2, 127
1559051116004, 1559051116029, 25, 2, 27
1559051117004, 1559051117028, 24, 2, 26
1559051118003, 1559051118028, 25, 1, 26
1559051119004, 1559051119027, 23, 1, 24
1559051120005, 1559051120022, 17, 2, 19
1559051121003, 1559051121023, 20, 2, 22
1559051122003, 1559051122029, 26, 1, 27
1559051123004, 1559051123016, 12, 2, 14
1559051124003, 1559051124021, 18, 1, 19
1559051125004, 1559051125019, 15, 2, 17
1559051126004, 1559051126020, 16, 1, 17
1559051127003, 1559051127035, 32, 1, 33
1559051128003, 1559051128024, 21, 1, 22
1559051129001, 1559051129009, 8, 0, 8
1559051130003, 1559051130023, 20, 1, 21
1559051131002, 1559051131029, 27, 1, 28
1559051132002, 1559051132020, 18, 1, 19
1559051133004, 1559051133025, 21, 2, 23
1559051134001, 1559051134005, 4, 1, 5
1559051135001, 1559051135011, 10, 0, 10
1559051136003, 1559051136025, 22, 1, 23
1559051137003, 1559051137013, 10, 2, 12
1559051138003, 1559051138022, 19, 2, 21
1559051139002, 1559051139009, 7, 1, 8
1559051140002, 1559051140018, 16, 1, 17
1559051141001, 1559051141005, 4, 1, 5
1559051142003, 1559051142025, 22, 1, 23
1559053319135, 1559053319424, 289, 51, 340
1559053320005, 1559053320052, 47, 2, 49
1559053321002, 1559053321022, 20, 0, 20
1559053322004, 1559053322054, 50, 1, 51
1559053323003, 1559053323032, 29, 1, 30
1559053324003, 1559053324017, 14, 1, 15
1559053325003, 1559053325037, 34, 1, 35
1559053326004, 1559053326021, 17, 1, 18
1559053327003, 1559053327013, 10, 1, 11
1559053328002, 1559053328016, 14, 0, 14
1559053329004, 1559053329017, 13, 2, 15
1559053330003, 1559053330011, 8, 1, 9
1559053331002, 1559053331013, 11, 1, 12
1559053332002, 1559053332013, 11, 1, 12
1559053333002, 1559053333011, 9, 0, 9
1559053334005, 1559053334027, 22, 1, 23
1559053335003, 1559053335014, 11, 1, 12
1559053336002, 1559053336011, 9, 0, 9
1559053337003, 1559053337015, 12, 1, 13
1559053338003, 1559053338013, 10, 1, 11
1559053339002, 1559053339011, 9, 0, 9
1559053340002, 1559053340012, 10, 0, 10
1559053341003, 1559053341023, 20, 2, 22
1559053342002, 1559053342011, 9, 1, 10
1559053343002, 1559053343020, 18, 1, 19
1559053344002, 1559053344022, 20, 1, 21
1559053345002, 1559053345019, 17, 1, 18
1559053346002, 1559053346024, 22, 1, 23
1559053347002, 1559053347021, 19, 1, 20
1559053348002, 1559053348022, 20, 1, 21
1559053349003, 1559053349020, 17, 1, 18
1559053350003, 1559053350023, 20, 1, 21
1559053402195, 1559053402465, 270, 45, 315
1559053403004, 1559053403061, 57, 1, 58
1559053469711, 1559053469978, 267, 51, 318
1559053470002, 1559053470051, 49, 1, 50
1559053471002, 1559053471029, 27, 0, 27
1559053472004, 1559053472047, 43, 2, 45
1559053473003, 1559053473037, 34, 1, 35
1559053474004, 1559053474026, 22, 2, 24
1559053475006, 1559053475022, 16, 3, 19
1559053476004, 1559053476018, 14, 2, 16
1559053477003, 1559053477014, 11, 1, 12
1559053478004, 1559053478024, 20, 2, 22
1559053479004, 1559053479017, 13, 2, 15
1559053480003, 1559053480017, 14, 1, 15
1559053481004, 1559053481014, 10, 2, 12
1559053482003, 1559053482016, 13, 1, 14
1559053483004, 1559053483014, 10, 1, 11
1559053484004, 1559053484014, 10, 1, 11
1559053485004, 1559053485017, 13, 2, 15
1559053486004, 1559053486015, 11, 2, 13
1559053487004, 1559053487017, 13, 2, 15
1559053488003, 1559053488020, 17, 2, 19
1559053489003, 1559053489016, 13, 1, 14
1559053490003, 1559053490012, 9, 1, 10
1559053491004, 1559053491013, 9, 2, 11
1559053492003, 1559053492012, 9, 2, 11
1559053493003, 1559053493016, 13, 2, 15
1559053494003, 1559053494021, 18, 1, 19
1559053495003, 1559053495010, 7, 2, 9
1559053496002, 1559053496026, 24, 1, 25
1559053497003, 1559053497011, 8, 1, 9
1559053498003, 1559053498013, 10, 2, 12
1559053499005, 1559053499010, 5, 4, 9
1559053500003, 1559053500020, 17, 2, 19
1559053501002, 1559053501012, 10, 1, 11
1559053502001, 1559053502012, 11, 1, 12
1559053503002, 1559053503009, 7, 1, 8
1559053504003, 1559053504011, 8, 1, 9
1559053505003, 1559053505009, 6, 1, 7
1559053506003, 1559053506009, 6, 2, 8
1559053507002, 1559053507009, 7, 1, 8
1559053508003, 1559053508010, 7, 1, 8
1559053509003, 1559053509011, 8, 1, 9
1559053510003, 1559053510007, 4, 1, 5
1559053511003, 1559053511010, 7, 1, 8
1559053512002, 1559053512009, 7, 1, 8
1559053513002, 1559053513010, 8, 1, 9
1559053514003, 1559053514009, 6, 1, 7
1559053515002, 1559053515009, 7, 1, 8
1559053516002, 1559053516010, 8, 1, 9
1559053566828, 1559053567133, 305, 50, 355
1559053567140, 1559053567182, 42, 1, 43
1559053568005, 1559053568028, 23, 2, 25
1559053569002, 1559053569024, 22, 1, 23
1559053570005, 1559053570041, 36, 2, 38
1559053571004, 1559053571031, 27, 2, 29
1559053572003, 1559053572027, 24, 1, 25
1559053573005, 1559053573021, 16, 2, 18
1559053574004, 1559053574023, 19, 2, 21
1559053575003, 1559053575022, 19, 1, 20
1559053576003, 1559053576017, 14, 1, 15
1559053577003, 1559053577032, 29, 1, 30
1559053578003, 1559053578013, 10, 1, 11
1559053579003, 1559053579024, 21, 1, 22
1559053580003, 1559053580015, 12, 2, 14
1559053581004, 1559053581015, 11, 1, 12
1559053582003, 1559053582014, 11, 1, 12
1559053583004, 1559053583016, 12, 2, 14
1559053584003, 1559053584014, 11, 2, 13
1559053585003, 1559053585013, 10, 2, 12
1559053586003, 1559053586016, 13, 2, 15
1559053587003, 1559053587036, 33, 2, 35
1559053588002, 1559053588026, 24, 1, 25
1559053589002, 1559053589009, 7, 1, 8
1559053590003, 1559053590010, 7, 1, 8
1559053591003, 1559053591012, 9, 1, 10
1559053592003, 1559053592011, 8, 2, 10
1559053593003, 1559053593010, 7, 2, 9
1559053594002, 1559053594010, 8, 1, 9
1559120344223, 1559120344522, 299, 47, 346
1559120345005, 1559120345075, 70, 3, 73
1559120346004, 1559120346090, 86, 1, 87
1559120347002, 1559120347050, 48, 1, 49
1559120348004, 1559120348061, 57, 2, 59
1559120405935, 1559120406239, 304, 51, 355
1559120406242, 1559120406283, 41, 1, 42
1559120407004, 1559120407058, 54, 2, 56
1559120408004, 1559120408028, 24, 2, 26
1559120409004, 1559120409071, 67, 2, 69
1559120410001, 1559120410041, 40, 0, 40
1559120600936, 1559120601374, 438, 62, 500
1559120601376, 1559120601487, 111, 1, 112
1559120602004, 1559120602081, 77, 1, 78
1559120603005, 1559120603028, 23, 2, 25
1559120604004, 1559120604053, 49, 2, 51
1559120605006, 1559120605054, 48, 3, 51
1559120637795, 1559120638119, 324, 53, 377
1559120638128, 1559120638186, 58, 1, 59
1559120639006, 1559120639045, 39, 2, 41
1559120640004, 1559120640025, 21, 2, 23
1559120641005, 1559120641043, 38, 2, 40
1559120642005, 1559120642027, 22, 2, 24
1559120643004, 1559120643029, 25, 2, 27
1559120644003, 1559120644056, 53, 2, 55
1559120645004, 1559120645029, 25, 2, 27
1559120646003, 1559120646068, 65, 1, 66
1559120647004, 1559120647031, 27, 1, 28
1559120648004, 1559120648043, 39, 2, 41
1559120649004, 1559120649018, 14, 2, 16
1559120650004, 1559120650037, 33, 2, 35
1559120651003, 1559120651014, 11, 1, 12
1559120652005, 1559120652034, 29, 2, 31
1559120653003, 1559120653024, 21, 1, 22
1559120687458, 1559120687742, 284, 70, 354
1559120688002, 1559120688059, 57, 1, 58
1559120689004, 1559120689044, 40, 2, 42
1559120690004, 1559120690034, 30, 2, 32
1559120691004, 1559120691050, 46, 2, 48
1559120692004, 1559120692047, 43, 2, 45
1559120765971, 1559120766271, 300, 59, 359
1559120766272, 1559120766323, 51, 1, 52
1559120767005, 1559120767054, 49, 2, 51
1559120768005, 1559120768030, 25, 2, 27
1559120769004, 1559120769046, 42, 1, 43
1559120770004, 1559120770070, 66, 2, 68
1559120771004, 1559120771060, 56, 2, 58
1559121321696, 1559121321947, 251, 46, 297
1559121322002, 1559121322023, 21, 1, 22
1559121323005, 1559121323035, 30, 2, 32
1559121324005, 1559121324024, 19, 3, 22
1559121325004, 1559121325023, 19, 2, 21
1559121326005, 1559121326036, 31, 2, 33
1559121327005, 1559121327052, 47, 2, 49
1559121375993, 1559121376267, 274, 47, 321
1559121376269, 1559121376305, 36, 1, 37
1559121377005, 1559121377046, 41, 3, 44
1559121378004, 1559121378016, 12, 2, 14
1559121379004, 1559121379050, 46, 2, 48
1559121380004, 1559121380048, 44, 2, 46
1559121430515, 1559121430768, 253, 52, 305
1559121431005, 1559121431073, 68, 2, 70
1559121519690, 1559121519951, 261, 52, 313
1559121520002, 1559121520036, 34, 1, 35
1559121521004, 1559121521041, 37, 2, 39
1559121522004, 1559121522056, 52, 2, 54
1559123496713, 1559123496960, 247, 50, 297
1559123497002, 1559123497027, 25, 1, 26
1559123498002, 1559123498032, 30, 1, 31
1559123499002, 1559123499014, 12, 1, 13
1559123500004, 1559123500057, 53, 2, 55
1559123542486, 1559123542887, 401, 69, 470
1559123543002, 1559123543047, 45, 1, 46
1559123544002, 1559123544019, 17, 1, 18
1559123545006, 1559123545139, 133, 3, 136
1559123546004, 1559123546049, 45, 2, 47
1559123547004, 1559123547042, 38, 2, 40
1559123548005, 1559123548041, 36, 2, 38
1559123549005, 1559123549021, 16, 3, 19
1559123653242, 1559123653553, 311, 67, 378
1559123654004, 1559123654033, 29, 2, 31
1559123655002, 1559123655043, 41, 1, 42
1559123763496, 1559123763744, 248, 54, 302
1559123764005, 1559123764055, 50, 3, 53
1559123765002, 1559123765028, 26, 1, 27
1559123766005, 1559123766043, 38, 3, 41
1559123767005, 1559123767025, 20, 3, 23
1559123768007, 1559123768041, 34, 4, 38
1559123769006, 1559123769019, 13, 3, 16
1559123770006, 1559123770051, 45, 4, 49
1559123771004, 1559123771054, 50, 2, 52
1559123772005, 1559123772038, 33, 3, 36
1559123773004, 1559123773016, 12, 2, 14
1559123774004, 1559123774042, 38, 2, 40
1559123775004, 1559123775031, 27, 2, 29
1559123776004, 1559123776036, 32, 2, 34
1559123777004, 1559123777015, 11, 2, 13
1559123778006, 1559123778040, 34, 3, 37
1559123779004, 1559123779034, 30, 2, 32
1559123780004, 1559123780029, 25, 2, 27
1559123781004, 1559123781019, 15, 2, 17
1559123782004, 1559123782015, 11, 2, 13
1559123783004, 1559123783012, 8, 2, 10
1559123784004, 1559123784018, 14, 2, 16
1559123785004, 1559123785014, 10, 2, 12
1559123786004, 1559123786020, 16, 2, 18
1559123787004, 1559123787016, 12, 3, 15
1559123847968, 1559123848276, 308, 50, 358
1559123848278, 1559123848314, 36, 1, 37
1559123849006, 1559123849069, 63, 3, 66
1559123850002, 1559123850028, 26, 1, 27
1559123851007, 1559123851078, 71, 4, 75
1559123852004, 1559123852032, 28, 2, 30
1559123853006, 1559123853029, 23, 3, 26
1559123854004, 1559123854024, 20, 3, 23
1559123855005, 1559123855059, 54, 3, 57
1559123856006, 1559123856038, 32, 3, 35
1559123857004, 1559123857036, 32, 2, 34
1559123858005, 1559123858036, 31, 3, 34
1559123859004, 1559123859037, 33, 2, 35
1559123952626, 1559123952883, 257, 54, 311
1559123953005, 1559123953099, 94, 3, 97
1559123954002, 1559123954031, 29, 1, 30
1559123955005, 1559123955059, 54, 3, 57
1559123956006, 1559123956067, 61, 4, 65
1559123957005, 1559123957052, 47, 3, 50
1559123958005, 1559123958043, 38, 3, 41
1559123959005, 1559123959016, 11, 3, 14
1559123960004, 1559123960038, 34, 2, 36
1559123961005, 1559123961030, 25, 3, 28
1559123962005, 1559123962014, 9, 3, 12
1559123963005, 1559123963016, 11, 3, 14
1559123964005, 1559123964046, 41, 3, 44
1559123965004, 1559123965040, 36, 2, 38
1559123966004, 1559123966032, 28, 3, 31
1559124060559, 1559124060810, 251, 55, 306
1559124061006, 1559124061096, 90, 4, 94
1559124062002, 1559124062027, 25, 1, 26
1559124063007, 1559124063047, 40, 4, 44
1559124064006, 1559124064047, 41, 3, 44
1559124065006, 1559124065056, 50, 3, 53
1559124066003, 1559124066018, 15, 2, 17
1559124067006, 1559124067038, 32, 4, 36
1559124068005, 1559124068051, 46, 2, 48
1559124069005, 1559124069038, 33, 3, 36
1559124070005, 1559124070021, 16, 2, 18
1559124071005, 1559124071024, 19, 3, 22
1559124072005, 1559124072016, 11, 3, 14
1559124185848, 1559124186192, 344, 53, 397
1559124186193, 1559124186215, 22, 1, 23
1559124187005, 1559124187025, 20, 3, 23
1559124188003, 1559124188019, 16, 2, 18
1559124189007, 1559124189068, 61, 4, 65
1559124190006, 1559124190021, 15, 3, 18
1559124191006, 1559124191019, 13, 3, 16
1559124192007, 1559124192019, 12, 5, 17
1559124193002, 1559124193043, 41, 1, 42
1559124194005, 1559124194046, 41, 3, 44
1559124195005, 1559124195015, 10, 3, 13
1559124196005, 1559124196046, 41, 3, 44
1559124197004, 1559124197037, 33, 2, 35
1559124198005, 1559124198023, 18, 3, 21
1559124199004, 1559124199031, 27, 2, 29
1559124200006, 1559124200032, 26, 3, 29
1559124201004, 1559124201037, 33, 3, 36
1559124202004, 1559124202012, 8, 2, 10
1559124203002, 1559124203028, 26, 1, 27
1559124204003, 1559124204012, 9, 1, 10
1559124205001, 1559124205008, 7, 1, 8
1559124936553, 1559124936971, 418, 95, 513
1559124937002, 1559124937046, 44, 1, 45
1559124938006, 1559124938097, 91, 5, 96
1559124939007, 1559124939037, 30, 4, 34
1559124940005, 1559124940044, 39, 3, 42
1559124941006, 1559124941018, 12, 3, 15
1559124942007, 1559124942042, 35, 4, 39
1559124943007, 1559124943040, 33, 4, 37
1559124944005, 1559124944054, 49, 2, 51
1559124945007, 1559124945062, 55, 3, 58
1559124946003, 1559124946017, 14, 2, 16
1559124947007, 1559124947041, 34, 4, 38
1559124948005, 1559124948035, 30, 3, 33
1559124949007, 1559124949035, 28, 4, 32
1559124950005, 1559124950035, 30, 3, 33
1559124951007, 1559124951032, 25, 3, 28
1559124952004, 1559124952027, 23, 2, 25
1559124953006, 1559124953021, 15, 3, 18
1559124954005, 1559124954027, 22, 3, 25
1559124955004, 1559124955024, 20, 2, 22
1559124956005, 1559124956024, 19, 3, 22
1559124957004, 1559124957031, 27, 2, 29
1559124958004, 1559124958010, 6, 2, 8
1559124959004, 1559124959014, 10, 2, 12
1559124960004, 1559124960013, 9, 2, 11
1559124961006, 1559124961031, 25, 4, 29
1559124962003, 1559124962019, 16, 2, 18
1559124963004, 1559124963019, 15, 3, 18
1559124964003, 1559124964031, 28, 2, 30
1559124965004, 1559124965020, 16, 3, 19
1559124966003, 1559124966018, 15, 2, 17
1559124967002, 1559124967013, 11, 2, 13
1559124968004, 1559124968026, 22, 2, 24
1559124969003, 1559124969018, 15, 1, 16
1559124970003, 1559124970029, 26, 2, 28
1559124971003, 1559124971016, 13, 2, 15
1559124972003, 1559124972017, 14, 2, 16
1559124973001, 1559124973006, 5, 1, 6
1559124974004, 1559124974010, 6, 2, 8
1559124988825, 1559124989137, 312, 63, 375
1559124989149, 1559124989185, 36, 1, 37
1559124990005, 1559124990040, 35, 3, 38
1559124991006, 1559124991111, 105, 2, 107
1559124992004, 1559124992094, 90, 2, 92
1559124993006, 1559124993046, 40, 2, 42
1559124994005, 1559124994067, 62, 2, 64
1559124995004, 1559124995055, 51, 2, 53
1559124996003, 1559124996060, 57, 1, 58
1559124997004, 1559124997041, 37, 2, 39
1559124998005, 1559124998045, 40, 3, 43
1559124999001, 1559124999012, 11, 1, 12
1559125000004, 1559125000042, 38, 2, 40
1559125001001, 1559125001038, 37, 1, 38
1559125002004, 1559125002040, 36, 2, 38
1559125003002, 1559125003028, 26, 1, 27
1559125004001, 1559125004014, 13, 1, 14
1559125005004, 1559125005036, 32, 2, 34
1559125006004, 1559125006025, 21, 2, 23
1559125051699, 1559125051971, 272, 45, 317
1559125052002, 1559125052053, 51, 1, 52
1559125053002, 1559125053045, 43, 1, 44
1559125054005, 1559125054067, 62, 3, 65
1559125055002, 1559125055050, 48, 1, 49
1559125056003, 1559125056030, 27, 1, 28
1559125057005, 1559125057043, 38, 3, 41
1559125058005, 1559125058038, 33, 3, 36
1559125059005, 1559125059065, 60, 2, 62
1559125060005, 1559125060051, 46, 2, 48
1559125061004, 1559125061035, 31, 2, 33
1559125062006, 1559125062046, 40, 4, 44
1559125063004, 1559125063044, 40, 3, 43
1559125064005, 1559125064040, 35, 3, 38
1559125065001, 1559125065022, 21, 1, 22
1559125066002, 1559125066016, 14, 1, 15
1559125067004, 1559125067037, 33, 1, 34
1559125068004, 1559125068020, 16, 2, 18
1559125069004, 1559125069030, 26, 2, 28
1559125070002, 1559125070012, 10, 1, 11
1559125071003, 1559125071024, 21, 1, 22
1559125089601, 1559125089914, 313, 54, 367
1559125090005, 1559125090129, 124, 3, 127
1559125091002, 1559125091085, 83, 1, 84
1559125092004, 1559125092134, 130, 2, 132
1559125093002, 1559125093097, 95, 1, 96
1559125094004, 1559125094061, 57, 2, 59
1559125095004, 1559125095080, 76, 2, 78
1559125096001, 1559125096095, 94, 1, 95
1559125097005, 1559125097036, 31, 3, 34
1559125098005, 1559125098050, 45, 2, 47
1559125099002, 1559125099020, 18, 1, 19
1559125100005, 1559125100051, 46, 3, 49
1559125101005, 1559125101044, 39, 2, 41
1559125102002, 1559125102035, 33, 1, 34
1559125103005, 1559125103045, 40, 3, 43
1559125104007, 1559125104052, 45, 3, 48
1559125105004, 1559125105034, 30, 3, 33
1559125106002, 1559125106030, 28, 1, 29
1559125107004, 1559125107040, 36, 2, 38
1559125108006, 1559125108030, 24, 4, 28
1559125109005, 1559125109033, 28, 3, 31
1559125110004, 1559125110026, 22, 2, 24
1559125111004, 1559125111025, 21, 2, 23
1559125112004, 1559125112027, 23, 2, 25
1559125113004, 1559125113024, 20, 2, 22
1559125114003, 1559125114024, 21, 2, 23
1559125115003, 1559125115036, 33, 2, 35
1559125116003, 1559125116017, 14, 1, 15
1559125117003, 1559125117029, 26, 2, 28
1559125118004, 1559125118020, 16, 3, 19
1559125119003, 1559125119021, 18, 2, 20
1559125120003, 1559125120012, 9, 2, 11
1559125121003, 1559125121026, 23, 2, 25
1559125122003, 1559125122019, 16, 1, 17
1559125123004, 1559125123021, 17, 3, 20
1559125124004, 1559125124020, 16, 3, 19
1559125125004, 1559125125020, 16, 2, 18
1559125126003, 1559125126020, 17, 2, 19
1559125127003, 1559125127010, 7, 2, 9
1559125128002, 1559125128019, 17, 1, 18
1559125129004, 1559125129023, 19, 3, 22
1559125130001, 1559125130006, 5, 1, 6
1559125131002, 1559125131009, 7, 1, 8
1559125132003, 1559125132016, 13, 2, 15
1559125133002, 1559125133019, 17, 1, 18
1559125134003, 1559125134018, 15, 2, 17
1559125135002, 1559125135048, 46, 1, 47
1559125136004, 1559125136016, 12, 3, 15
1559125137004, 1559125137020, 16, 3, 19
1559125138003, 1559125138030, 27, 2, 29
1559125139004, 1559125139014, 10, 3, 13
1559125140004, 1559125140022, 18, 3, 21
1559125141003, 1559125141015, 12, 2, 14
1559125142002, 1559125142007, 5, 1, 6
1559125143004, 1559125143017, 13, 2, 15
1559125144003, 1559125144019, 16, 1, 17
1559125145003, 1559125145017, 14, 1, 15
1559125146003, 1559125146020, 17, 2, 19
1559125147003, 1559125147010, 7, 2, 9
1559125148004, 1559125148016, 12, 2, 14
1559125149004, 1559125149020, 16, 2, 18
1559125150004, 1559125150029, 25, 2, 27
1559125151002, 1559125151010, 8, 1, 9
1559125152004, 1559125152015, 11, 2, 13
1559125153003, 1559125153016, 13, 1, 14
1559125154003, 1559125154017, 14, 1, 15
1559125155003, 1559125155009, 6, 2, 8
1559125156003, 1559125156025, 22, 2, 24
1559125157003, 1559125157015, 12, 2, 14
1559125158002, 1559125158014, 12, 1, 13
1559125159004, 1559125159028, 24, 2, 26
1559125160003, 1559125160020, 17, 2, 19
1559125161003, 1559125161014, 11, 2, 13
1559125162003, 1559125162015, 12, 2, 14
1559125163003, 1559125163016, 13, 2, 15
1559125164002, 1559125164008, 6, 1, 7
1559125165003, 1559125165016, 13, 1, 14
1559125166003, 1559125166009, 6, 2, 8
1559125167002, 1559125167016, 14, 1, 15
1559125168002, 1559125168012, 10, 1, 11
1559125169001, 1559125169007, 6, 0, 6
1559125170003, 1559125170010, 7, 2, 9
1559125171003, 1559125171016, 13, 2, 15
1559125172003, 1559125172020, 17, 1, 18
1559125173003, 1559125173023, 20, 1, 21
1559125174003, 1559125174024, 21, 1, 22
1559125175002, 1559125175018, 16, 1, 17
1559125176003, 1559125176019, 16, 1, 17
1559125177003, 1559125177044, 41, 2, 43
1559125178002, 1559125178013, 11, 1, 12
1559125179003, 1559125179021, 18, 1, 19
1559125180003, 1559125180014, 11, 1, 12
1559125181004, 1559125181016, 12, 2, 14
1559125182002, 1559125182016, 14, 1, 15
1559125183002, 1559125183012, 10, 1, 11
1559125184002, 1559125184014, 12, 1, 13
1559125185003, 1559125185012, 9, 1, 10
1559125186002, 1559125186013, 11, 1, 12
1559125187003, 1559125187015, 12, 2, 14
1559125188003, 1559125188034, 31, 1, 32
1559125189003, 1559125189012, 9, 2, 11
1559125190003, 1559125190016, 13, 1, 14
1559125191003, 1559125191013, 10, 2, 12
1559125192003, 1559125192016, 13, 1, 14
1559125193003, 1559125193009, 6, 2, 8
1559125194002, 1559125194009, 7, 1, 8
1559125195003, 1559125195009, 6, 1, 7
1559125196002, 1559125196009, 7, 1, 8
1559125197002, 1559125197009, 7, 1, 8
1559125198002, 1559125198014, 12, 1, 13
1559125199002, 1559125199008, 6, 1, 7
1559125200002, 1559125200011, 9, 1, 10
1559125201002, 1559125201013, 11, 1, 12
1559125202002, 1559125202009, 7, 1, 8
1559125203003, 1559125203016, 13, 2, 15
1559125204002, 1559125204015, 13, 1, 14
1559125205003, 1559125205012, 9, 2, 11
1559125206002, 1559125206013, 11, 1, 12
1559125207001, 1559125207009, 8, 0, 8
1559125208003, 1559125208012, 9, 2, 11
1559125209002, 1559125209014, 12, 1, 13
1559125210002, 1559125210009, 7, 0, 7
1559125211003, 1559125211008, 5, 1, 6
1559125212002, 1559125212016, 14, 1, 15
1559125213002, 1559125213009, 7, 1, 8
1559125214002, 1559125214014, 12, 1, 13
1559125215003, 1559125215009, 6, 1, 7
1559125216004, 1559125216014, 10, 2, 12
1559125217003, 1559125217017, 14, 1, 15
1559125218002, 1559125218014, 12, 1, 13
1559125219002, 1559125219009, 7, 1, 8
1559125220002, 1559125220015, 13, 1, 14
1559125221003, 1559125221019, 16, 2, 18
1559125222001, 1559125222062, 61, 1, 62
1559125223001, 1559125223013, 12, 1, 13
1559125224003, 1559125224014, 11, 1, 12
1559125225002, 1559125225012, 10, 1, 11
1559125226002, 1559125226032, 30, 1, 31
1559125227002, 1559125227012, 10, 1, 11
1559125228002, 1559125228015, 13, 1, 14
1559125229002, 1559125229011, 9, 1, 10
1559125230002, 1559125230008, 6, 1, 7
1559125231003, 1559125231013, 10, 2, 12
1559125232002, 1559125232012, 10, 1, 11
1559125233002, 1559125233005, 3, 1, 4
1559125234002, 1559125234010, 8, 1, 9
1559125235002, 1559125235016, 14, 1, 15
1559125236002, 1559125236013, 11, 1, 12
1559125237002, 1559125237013, 11, 1, 12
1559125238002, 1559125238013, 11, 1, 12
1559125239003, 1559125239015, 12, 1, 13
1559125240002, 1559125240005, 3, 1, 4
1559125241003, 1559125241017, 14, 1, 15
1559125242001, 1559125242010, 9, 0, 9
1559125243002, 1559125243014, 12, 1, 13
1559125244002, 1559125244012, 10, 1, 11
1559125245002, 1559125245015, 13, 1, 14
1559125246002, 1559125246013, 11, 1, 12
1559125247002, 1559125247012, 10, 1, 11
1559125248002, 1559125248007, 5, 1, 6
1559125249003, 1559125249013, 10, 2, 12
1559125250002, 1559125250009, 7, 1, 8
1559125251002, 1559125251012, 10, 1, 11
1559125252001, 1559125252012, 11, 0, 11
1559125253002, 1559125253011, 9, 1, 10
1559125254002, 1559125254020, 18, 1, 19
1559125255003, 1559125255013, 10, 1, 11
1559125256002, 1559125256015, 13, 1, 14
1559125257002, 1559125257006, 4, 1, 5
1559125258002, 1559125258007, 5, 1, 6
1559125259003, 1559125259014, 11, 1, 12
1559125260002, 1559125260016, 14, 1, 15
1559125261002, 1559125261019, 17, 1, 18
1559125262002, 1559125262014, 12, 1, 13
1559125263002, 1559125263009, 7, 1, 8
1559125264002, 1559125264013, 11, 1, 12
1559125265002, 1559125265008, 6, 1, 7
1559125266002, 1559125266009, 7, 1, 8
1559125267002, 1559125267013, 11, 1, 12
1559125268002, 1559125268013, 11, 1, 12
1559125269003, 1559125269087, 84, 2, 86
1559125270002, 1559125270012, 10, 1, 11
1559125271002, 1559125271011, 9, 1, 10
1559125272002, 1559125272011, 9, 1, 10
1559125273002, 1559125273009, 7, 1, 8
1559125274001, 1559125274005, 4, 0, 4
1559125275001, 1559125275005, 4, 0, 4
1559125276001, 1559125276004, 3, 1, 4
1559125277001, 1559125277005, 4, 0, 4
1559125278001, 1559125278005, 4, 1, 5
1559125279002, 1559125279008, 6, 1, 7
1559125280003, 1559125280019, 16, 1, 17
1559125281003, 1559125281016, 13, 1, 14
1559125282002, 1559125282012, 10, 1, 11
1559125283002, 1559125283011, 9, 1, 10
1559125284002, 1559125284012, 10, 1, 11
1559125285002, 1559125285008, 6, 1, 7
1559125286001, 1559125286005, 4, 0, 4
1559125287002, 1559125287011, 9, 1, 10
1559125288002, 1559125288012, 10, 1, 11
1559125289001, 1559125289014, 13, 0, 13
1559125290002, 1559125290015, 13, 1, 14
1559125291002, 1559125291011, 9, 1, 10
1559125292002, 1559125292011, 9, 1, 10
1559125293002, 1559125293008, 6, 1, 7
1559125294002, 1559125294008, 6, 1, 7
1559125295002, 1559125295011, 9, 1, 10
1559125296002, 1559125296012, 10, 1, 11
1559125297002, 1559125297011, 9, 1, 10
1559125298002, 1559125298015, 13, 1, 14
1559125299001, 1559125299007, 6, 0, 6
1559125300002, 1559125300014, 12, 1, 13
1559125301002, 1559125301013, 11, 1, 12
1559125302003, 1559125302013, 10, 2, 12
1559125303001, 1559125303005, 4, 1, 5
1559125304002, 1559125304014, 12, 1, 13
1559125305001, 1559125305011, 10, 1, 11
1559125306002, 1559125306010, 8, 1, 9
1559125307002, 1559125307012, 10, 1, 11
1559125308002, 1559125308013, 11, 1, 12
1559125309003, 1559125309016, 13, 2, 15
1559125310002, 1559125310019, 17, 1, 18
1559125311002, 1559125311014, 12, 1, 13
1559125312002, 1559125312049, 47, 1, 48
1559125313001, 1559125313005, 4, 1, 5
1559125314007, 1559125314416, 409, 5, 414
1559125315002, 1559125315015, 13, 1, 14
1559125316001, 1559125316013, 12, 0, 12
1559125317001, 1559125317006, 5, 1, 6
1559125318001, 1559125318012, 11, 1, 12
1559125319002, 1559125319012, 10, 1, 11
1559125320002, 1559125320012, 10, 1, 11
1559125321002, 1559125321013, 11, 1, 12
1559125322002, 1559125322012, 10, 1, 11
1559125323002, 1559125323011, 9, 1, 10
1559125324002, 1559125324013, 11, 1, 12
1559125325001, 1559125325011, 10, 0, 10
1559125326002, 1559125326008, 6, 1, 7
1559125327002, 1559125327012, 10, 1, 11
1559125328002, 1559125328011, 9, 1, 10
1559125329001, 1559125329011, 10, 0, 10
1559125330002, 1559125330011, 9, 1, 10
1559125331002, 1559125331014, 12, 1, 13
1559125332001, 1559125332012, 11, 0, 11
1559125333002, 1559125333008, 6, 1, 7
1559125334002, 1559125334011, 9, 1, 10
1559125335002, 1559125335012, 10, 1, 11
1559125336002, 1559125336014, 12, 1, 13
1559125337001, 1559125337013, 12, 1, 13
1559125338002, 1559125338014, 12, 1, 13
1559125339002, 1559125339008, 6, 1, 7
1559125340003, 1559125340020, 17, 1, 18
1559125341002, 1559125341011, 9, 1, 10
1559125342001, 1559125342016, 15, 0, 15
1559125343002, 1559125343008, 6, 1, 7
1559125344004, 1559125344016, 12, 3, 15
1559125345003, 1559125345016, 13, 2, 15
1559125346001, 1559125346024, 23, 0, 23
1559125347002, 1559125347014, 12, 1, 13
1559125348002, 1559125348014, 12, 1, 13
1559125349002, 1559125349007, 5, 1, 6
1559125350003, 1559125350013, 10, 2, 12
1559125351002, 1559125351014, 12, 1, 13
1559125352002, 1559125352014, 12, 1, 13
1559125353002, 1559125353016, 14, 1, 15
1559125354002, 1559125354015, 13, 1, 14
1559125355002, 1559125355011, 9, 1, 10
1559125356001, 1559125356011, 10, 1, 11
1559125357001, 1559125357008, 7, 0, 7
1559125358002, 1559125358068, 66, 1, 67
1559125359002, 1559125359009, 7, 1, 8
1559125360002, 1559125360019, 17, 1, 18
1559125361003, 1559125361013, 10, 1, 11
1559125362002, 1559125362009, 7, 1, 8
1559125363002, 1559125363012, 10, 1, 11
1559125364001, 1559125364008, 7, 0, 7
1559125365001, 1559125365012, 11, 0, 11
1559125366002, 1559125366012, 10, 1, 11
1559125367002, 1559125367010, 8, 1, 9
1559125368002, 1559125368009, 7, 1, 8
1559125369001, 1559125369005, 4, 0, 4
1559125370002, 1559125370013, 11, 1, 12
1559125371003, 1559125371012, 9, 1, 10
1559125372002, 1559125372011, 9, 1, 10
1559125373002, 1559125373019, 17, 1, 18
1559125374008, 1559125374016, 8, 1, 9
1559125375002, 1559125375015, 13, 1, 14
1559125376002, 1559125376013, 11, 1, 12
1559125377001, 1559125377009, 8, 1, 9
1559125378001, 1559125378012, 11, 0, 11
1559125379002, 1559125379012, 10, 1, 11
1559125380002, 1559125380014, 12, 1, 13
1559125381002, 1559125381012, 10, 1, 11
1559125382002, 1559125382010, 8, 1, 9
1559125383001, 1559125383012, 11, 0, 11
1559125384002, 1559125384010, 8, 1, 9
1559125385002, 1559125385012, 10, 1, 11
1559125386002, 1559125386012, 10, 1, 11
1559125387000, 1559125387006, 6, 0, 6
1559125388002, 1559125388008, 6, 1, 7
1559125389001, 1559125389004, 3, 0, 3
1559125390002, 1559125390011, 9, 1, 10
1559125391002, 1559125391009, 7, 1, 8
1559125392001, 1559125392003, 2, 1, 3
1559125393001, 1559125393008, 7, 1, 8
1559125394002, 1559125394011, 9, 1, 10
1559125395002, 1559125395012, 10, 1, 11
1559125396002, 1559125396011, 9, 1, 10
1559125397002, 1559125397011, 9, 1, 10
1559125398002, 1559125398017, 15, 1, 16
1559125399002, 1559125399014, 12, 1, 13
1559125400001, 1559125400010, 9, 1, 10
1559125401001, 1559125401012, 11, 0, 11
1559125402001, 1559125402007, 6, 1, 7
1559125403002, 1559125403011, 9, 1, 10
1559125404001, 1559125404082, 81, 1, 82
1559125405001, 1559125405012, 11, 1, 12
1559125406000, 1559125406003, 3, 0, 3
1559125407002, 1559125407012, 10, 1, 11
1559125408002, 1559125408017, 15, 1, 16
1559125409002, 1559125409008, 6, 1, 7
1559125410001, 1559125410010, 9, 1, 10
1559125411001, 1559125411011, 10, 0, 10
1559125412002, 1559125412014, 12, 1, 13
1559125413001, 1559125413005, 4, 0, 4
1559125414002, 1559125414012, 10, 1, 11
1559125415002, 1559125415009, 7, 1, 8
1559125416002, 1559125416019, 17, 1, 18
1559125417002, 1559125417008, 6, 1, 7
1559125418002, 1559125418011, 9, 1, 10
1559125419001, 1559125419008, 7, 1, 8
1559125420001, 1559125420010, 9, 1, 10
1559125421001, 1559125421012, 11, 0, 11
1559125422001, 1559125422010, 9, 0, 9
1559125423002, 1559125423012, 10, 1, 11
1559125424002, 1559125424007, 5, 1, 6
1559125425002, 1559125425014, 12, 1, 13
1559125426002, 1559125426012, 10, 1, 11
1559125427002, 1559125427010, 8, 1, 9
1559125428002, 1559125428010, 8, 1, 9
1559125429001, 1559125429010, 9, 0, 9
1559125430001, 1559125430011, 10, 0, 10
1559125431002, 1559125431011, 9, 1, 10
1559125432002, 1559125432014, 12, 1, 13
1559125433002, 1559125433011, 9, 1, 10
1559125434001, 1559125434010, 9, 1, 10
1559125435001, 1559125435011, 10, 1, 11
1559125436001, 1559125436009, 8, 1, 9
1559125437001, 1559125437017, 16, 0, 16
1559125438002, 1559125438011, 9, 1, 10
1559125439002, 1559125439011, 9, 1, 10
1559125440002, 1559125440013, 11, 1, 12
1559125441002, 1559125441012, 10, 1, 11
1559125442002, 1559125442010, 8, 1, 9
1559125443002, 1559125443011, 9, 1, 10
1559125444002, 1559125444012, 10, 1, 11
1559125445001, 1559125445011, 10, 1, 11
1559125446001, 1559125446007, 6, 0, 6
1559125447001, 1559125447011, 10, 0, 10
1559125448002, 1559125448013, 11, 1, 12
1559125449002, 1559125449010, 8, 1, 9
1559125450001, 1559125450005, 4, 0, 4
1559125451001, 1559125451010, 9, 1, 10
1559125452001, 1559125452009, 8, 1, 9
1559125453001, 1559125453159, 158, 0, 158
1559125454002, 1559125454008, 6, 1, 7
1559125455002, 1559125455012, 10, 1, 11
1559125456002, 1559125456013, 11, 1, 12
1559125457002, 1559125457013, 11, 1, 12
1559125458002, 1559125458013, 11, 1, 12
1559125459002, 1559125459014, 12, 1, 13
1559125460002, 1559125460013, 11, 1, 12
1559125461002, 1559125461012, 10, 1, 11
1559125462002, 1559125462015, 13, 1, 14
1559125463002, 1559125463011, 9, 1, 10
1559125464001, 1559125464010, 9, 1, 10
1559125465002, 1559125465013, 11, 1, 12
1559125466002, 1559125466012, 10, 1, 11
1559125467002, 1559125467018, 16, 1, 17
1559125468003, 1559125468015, 12, 1, 13
1559125469002, 1559125469010, 8, 1, 9
1559125470002, 1559125470010, 8, 1, 9
1559125471001, 1559125471007, 6, 1, 7
1559125472002, 1559125472024, 22, 1, 23
1559125473003, 1559125473009, 6, 1, 7
1559125474001, 1559125474004, 3, 1, 4
1559125475002, 1559125475011, 9, 1, 10
1559125476002, 1559125476010, 8, 1, 9
1559125477002, 1559125477010, 8, 1, 9
1559125478001, 1559125478004, 3, 0, 3
1559125479001, 1559125479009, 8, 1, 9
1559125480001, 1559125480011, 10, 1, 11
1559125481001, 1559125481011, 10, 1, 11
1559125482001, 1559125482011, 10, 1, 11
1559125483001, 1559125483012, 11, 1, 12
1559125484002, 1559125484010, 8, 1, 9
1559125485001, 1559125485007, 6, 0, 6
1559125486000, 1559125486003, 3, 0, 3
1559125487001, 1559125487004, 3, 0, 3
1559125488001, 1559125488011, 10, 1, 11
1559125489001, 1559125489010, 9, 1, 10
1559125490001, 1559125490014, 13, 1, 14
1559125491002, 1559125491012, 10, 1, 11
1559125492002, 1559125492011, 9, 1, 10
1559125493002, 1559125493010, 8, 1, 9
1559125494002, 1559125494012, 10, 1, 11
1559125495002, 1559125495013, 11, 1, 12
1559125496001, 1559125496005, 4, 0, 4
1559125497001, 1559125497004, 3, 1, 4
1559125498002, 1559125498017, 15, 1, 16
1559125499002, 1559125499011, 9, 1, 10
1559125500002, 1559125500009, 7, 1, 8
1559125501002, 1559125501018, 16, 1, 17
1559125502001, 1559125502005, 4, 0, 4
1559125503001, 1559125503006, 5, 1, 6
1559125504002, 1559125504015, 13, 1, 14
1559125505001, 1559125505004, 3, 0, 3
1559125506000, 1559125506004, 4, 0, 4
1559125507001, 1559125507004, 3, 0, 3
1559125508001, 1559125508009, 8, 1, 9
1559125509000, 1559125509004, 4, 0, 4
1559125510001, 1559125510006, 5, 0, 5
1559125511001, 1559125511010, 9, 1, 10
1559125512001, 1559125512008, 7, 1, 8
1559125513001, 1559125513014, 13, 1, 14
1559125514001, 1559125514007, 6, 1, 7
1559125515001, 1559125515011, 10, 1, 11
1559125516002, 1559125516011, 9, 1, 10
1559125517003, 1559125517009, 6, 2, 8
1559125518002, 1559125518008, 6, 1, 7
1559125519002, 1559125519013, 11, 1, 12
1559125520002, 1559125520011, 9, 1, 10
1559125521002, 1559125521011, 9, 1, 10
1559125522002, 1559125522010, 8, 1, 9
1559125523002, 1559125523011, 9, 1, 10
1559125524002, 1559125524010, 8, 1, 9
1559125525002, 1559125525010, 8, 1, 9
1559125526001, 1559125526010, 9, 0, 9
1559125527001, 1559125527011, 10, 0, 10
1559125528001, 1559125528011, 10, 0, 10
1559125529001, 1559125529009, 8, 1, 9
1559125530001, 1559125530011, 10, 1, 11
1559125531001, 1559125531011, 10, 1, 11
1559125532000, 1559125532004, 4, 0, 4
1559125533002, 1559125533008, 6, 1, 7
1559125534002, 1559125534012, 10, 1, 11
1559125535002, 1559125535014, 12, 1, 13
1559125536002, 1559125536008, 6, 1, 7
1559125537002, 1559125537008, 6, 1, 7
1559125538002, 1559125538010, 8, 1, 9
1559125539001, 1559125539008, 7, 0, 7
1559125540002, 1559125540011, 9, 1, 10
1559125541002, 1559125541007, 5, 1, 6
1559125542001, 1559125542012, 11, 0, 11
1559125543001, 1559125543011, 10, 0, 10
1559125544001, 1559125544013, 12, 0, 12
1559125545002, 1559125545012, 10, 1, 11
1559125546002, 1559125546010, 8, 1, 9
1559125547002, 1559125547008, 6, 1, 7
1559125548002, 1559125548011, 9, 1, 10
1559125549002, 1559125549011, 9, 1, 10
1559125550002, 1559125550011, 9, 1, 10
1559125551002, 1559125551008, 6, 1, 7
1559125552002, 1559125552088, 86, 1, 87
1559125553001, 1559125553011, 10, 0, 10
1559125554001, 1559125554010, 9, 0, 9
1559125555001, 1559125555012, 11, 0, 11
1559125556001, 1559125556010, 9, 0, 9
1559125557001, 1559125557012, 11, 0, 11
1559125558002, 1559125558009, 7, 1, 8
1559125559001, 1559125559012, 11, 0, 11
1559125560001, 1559125560008, 7, 0, 7
1559125561001, 1559125561016, 15, 0, 15
1559125562001, 1559125562010, 9, 1, 10
1559125563001, 1559125563010, 9, 1, 10
1559125564001, 1559125564008, 7, 1, 8
1559125565002, 1559125565011, 9, 1, 10
1559125566002, 1559125566009, 7, 1, 8
1559125567001, 1559125567005, 4, 0, 4
1559125568001, 1559125568010, 9, 1, 10
1559125569001, 1559125569010, 9, 1, 10
1559125570002, 1559125570009, 7, 1, 8
1559125571002, 1559125571011, 9, 1, 10
1559125572002, 1559125572010, 8, 1, 9
1559125573001, 1559125573011, 10, 0, 10
1559125574001, 1559125574010, 9, 0, 9
1559125575001, 1559125575011, 10, 0, 10
1559125576001, 1559125576008, 7, 0, 7
1559125577001, 1559125577010, 9, 0, 9
1559125578001, 1559125578009, 8, 1, 9
1559125579001, 1559125579009, 8, 1, 9
1559125580001, 1559125580010, 9, 1, 10
1559125581001, 1559125581009, 8, 1, 9
1559125582002, 1559125582010, 8, 1, 9
1559125583001, 1559125583006, 5, 0, 5
1559125584001, 1559125584008, 7, 0, 7
1559125585001, 1559125585008, 7, 1, 8
1559125586001, 1559125586010, 9, 1, 10
1559125587001, 1559125587010, 9, 1, 10
1559125588001, 1559125588010, 9, 1, 10
1559125589001, 1559125589011, 10, 1, 11
1559125590001, 1559125590009, 8, 1, 9
1559125591001, 1559125591010, 9, 1, 10
1559125592002, 1559125592013, 11, 1, 12
1559125593002, 1559125593011, 9, 1, 10
1559125594002, 1559125594012, 10, 1, 11
1559125595002, 1559125595013, 11, 1, 12
1559125596002, 1559125596010, 8, 1, 9
1559125597001, 1559125597009, 8, 0, 8
1559125598001, 1559125598010, 9, 0, 9
1559125599001, 1559125599007, 6, 0, 6
1559125600003, 1559125600013, 10, 2, 12
1559125601002, 1559125601010, 8, 1, 9
1559125602001, 1559125602010, 9, 1, 10
1559125603002, 1559125603010, 8, 1, 9
1559125604001, 1559125604007, 6, 0, 6
1559125605001, 1559125605010, 9, 1, 10
1559125606001, 1559125606010, 9, 1, 10
1559125607001, 1559125607007, 6, 1, 7
1559125608002, 1559125608030, 28, 1, 29
1559125609001, 1559125609008, 7, 0, 7
1559125610001, 1559125610010, 9, 0, 9
1559125611001, 1559125611009, 8, 0, 8
1559125612001, 1559125612010, 9, 1, 10
1559125613000, 1559125613003, 3, 0, 3
1559125614001, 1559125614009, 8, 0, 8
1559125615001, 1559125615009, 8, 1, 9
1559125616001, 1559125616010, 9, 1, 10
1559125617002, 1559125617010, 8, 1, 9
1559125618002, 1559125618011, 9, 1, 10
1559125619001, 1559125619003, 2, 1, 3
1559125620001, 1559125620011, 10, 1, 11
1559125621001, 1559125621009, 8, 0, 8
1559125622001, 1559125622009, 8, 0, 8
1559125623001, 1559125623009, 8, 1, 9
1559125624001, 1559125624011, 10, 1, 11
1559125625001, 1559125625011, 10, 1, 11
1559125626002, 1559125626012, 10, 1, 11
1559125627001, 1559125627011, 10, 0, 10
1559125628001, 1559125628008, 7, 0, 7
1559125629001, 1559125629010, 9, 1, 10
1559125630001, 1559125630011, 10, 1, 11
1559125631002, 1559125631011, 9, 1, 10
1559125632002, 1559125632007, 5, 1, 6
1559125633002, 1559125633012, 10, 1, 11
1559125634002, 1559125634011, 9, 1, 10
1559125635002, 1559125635010, 8, 1, 9
1559125636001, 1559125636009, 8, 0, 8
1559125637001, 1559125637010, 9, 0, 9
1559125638001, 1559125638007, 6, 1, 7
1559125639001, 1559125639012, 11, 1, 12
1559125640001, 1559125640007, 6, 1, 7
1559125641002, 1559125641011, 9, 1, 10
1559125642002, 1559125642008, 6, 1, 7
1559125643001, 1559125643007, 6, 0, 6
1559125644002, 1559125644008, 6, 1, 7
1559125645001, 1559125645005, 4, 0, 4
1559125646001, 1559125646013, 12, 1, 13
1559125647001, 1559125647010, 9, 1, 10
1559125648002, 1559125648011, 9, 1, 10
1559125649001, 1559125649145, 144, 0, 144
1559125650001, 1559125650012, 11, 0, 11
1559131557975, 1559131558379, 404, 80, 484
1559131558391, 1559131558449, 58, 2, 60
1559131559005, 1559131559117, 112, 3, 115
1559131560002, 1559131560110, 108, 1, 109
1559131561002, 1559131561113, 111, 1, 112
1559131562005, 1559131562078, 73, 2, 75
1559131563005, 1559131563120, 115, 3, 118
1559131564003, 1559131564027, 24, 2, 26
1559131565004, 1559131565056, 52, 2, 54
1559131566004, 1559131566072, 68, 2, 70
1559131567003, 1559131567044, 41, 2, 43
1559131568001, 1559131568030, 29, 0, 29
1559131569004, 1559131569071, 67, 2, 69
1559131570005, 1559131570067, 62, 3, 65
1559131571004, 1559131571098, 94, 2, 96
1559131572005, 1559131572069, 64, 3, 67
1559131573004, 1559131573089, 85, 3, 88
1559131660585, 1559131660952, 367, 66, 433
1559131661002, 1559131661045, 43, 1, 44
1559131662002, 1559131662071, 69, 1, 70
1559131663002, 1559131663071, 69, 1, 70
1559131664003, 1559131664117, 114, 2, 116
1559131665005, 1559131665119, 114, 2, 116
1559131666004, 1559131666083, 79, 3, 82
1559131667005, 1559131667157, 152, 3, 155
1559131668004, 1559131668133, 129, 2, 131
1559131669003, 1559131669074, 71, 2, 73
1559131670002, 1559131670049, 47, 1, 48
1559131671002, 1559131671078, 76, 1, 77
1559131672003, 1559131672127, 124, 2, 126
1559131673002, 1559131673057, 55, 1, 56
1559131674002, 1559131674095, 93, 1, 94
1559131675004, 1559131675104, 100, 1, 101
1559131676003, 1559131676105, 102, 3, 105
1559131677001, 1559131677032, 31, 1, 32
1559131678001, 1559131678040, 39, 1, 40
1559131679002, 1559131679073, 71, 2, 73
1559131680001, 1559131680043, 42, 1, 43
1559131681001, 1559131681064, 63, 1, 64
1559131682001, 1559131682020, 19, 1, 20
1559131683002, 1559131683105, 103, 2, 105
1559131684005, 1559131684096, 91, 4, 95
1559131685003, 1559131685052, 49, 2, 51
1559131686002, 1559131686066, 64, 2, 66
1559131687001, 1559131687070, 69, 0, 69
1559131688001, 1559131688122, 121, 0, 121
1559131689001, 1559131689076, 75, 1, 76
1559131690001, 1559131690029, 28, 0, 28
1559131691003, 1559131691069, 66, 2, 68
1559131692002, 1559131692071, 69, 2, 71
1559131693003, 1559131693164, 161, 2, 163
1559131694001, 1559131694031, 30, 0, 30
1559131695004, 1559131695048, 44, 3, 47
1559131696004, 1559131696033, 29, 3, 32
1559131697004, 1559131697063, 59, 2, 61
1559131698001, 1559131698063, 62, 0, 62
1559131699002, 1559131699065, 63, 1, 64
1559131700002, 1559131700037, 35, 1, 36
1559131701003, 1559131701110, 107, 2, 109
1559131702002, 1559131702068, 66, 2, 68
1559131703002, 1559131703053, 51, 1, 52
1559131704002, 1559131704029, 27, 1, 28
1559131705001, 1559131705031, 30, 0, 30
1559131706001, 1559131706028, 27, 1, 28
1559131707003, 1559131707027, 24, 2, 26
1559131708001, 1559131708066, 65, 1, 66
1559131709003, 1559131709038, 35, 3, 38
1559131710010, 1559131710034, 24, 9, 33
1559131711002, 1559131711063, 61, 2, 63
1559131712001, 1559131712025, 24, 0, 24
1559131713001, 1559131713026, 25, 0, 25
1559131714001, 1559131714072, 71, 1, 72
1559131715002, 1559131715055, 53, 2, 55
1559131716001, 1559131716074, 73, 0, 73
1559131717001, 1559131717085, 84, 1, 85
1559131718002, 1559131718056, 54, 1, 55
1559131719002, 1559131719058, 56, 2, 58
1559131720003, 1559131720046, 43, 3, 46
1559131721002, 1559131721054, 52, 2, 54
1559131722003, 1559131722033, 30, 2, 32
1559131723005, 1559131723114, 109, 2, 111
1559131724003, 1559131724071, 68, 3, 71
1559131725001, 1559131725013, 12, 1, 13
1559131726002, 1559131726036, 34, 2, 36
1559131727003, 1559131727084, 81, 2, 83
1559131728001, 1559131728095, 94, 0, 94
1559131729003, 1559131729029, 26, 2, 28
1559131730002, 1559131730039, 37, 1, 38
1559131731002, 1559131731079, 77, 2, 79
1559131732001, 1559131732046, 45, 0, 45
1559131733001, 1559131733072, 71, 1, 72
1559131734002, 1559131734022, 20, 1, 21
1559131735001, 1559131735064, 63, 1, 64
1559131736001, 1559131736054, 53, 1, 54
1559131737000, 1559131737025, 25, 0, 25
1559131738002, 1559131738096, 94, 2, 96
1559131739002, 1559131739067, 65, 2, 67
1559131740006, 1559131740087, 81, 5, 86
1559131741002, 1559131741045, 43, 2, 45
1559131742000, 1559131742039, 39, 0, 39
1559131743002, 1559131743086, 84, 1, 85
1559131744002, 1559131744101, 99, 2, 101
1559131745004, 1559131745074, 70, 0, 70
1559131746002, 1559131746014, 12, 2, 14
1559131747002, 1559131747083, 81, 1, 82
1559131748001, 1559131748023, 22, 0, 22
1559131749001, 1559131749028, 27, 1, 28
1559131750002, 1559131750037, 35, 1, 36
1559131751002, 1559131751021, 19, 1, 20
1559131752002, 1559131752018, 16, 1, 17
1559131753003, 1559131753017, 14, 2, 16
1559131754001, 1559131754027, 26, 1, 27
1559131755002, 1559131755047, 45, 1, 46
1559131756000, 1559131756012, 12, 0, 12
1559131757002, 1559131757035, 33, 1, 34
1559131758002, 1559131758077, 75, 1, 76
1559131759001, 1559131759073, 72, 0, 72
1559131760000, 1559131760043, 43, 0, 43
1559131761001, 1559131761039, 38, 0, 38
1559131762002, 1559131762027, 25, 2, 27
1559131763002, 1559131763062, 60, 1, 61
1559131764001, 1559131764034, 33, 1, 34
1559131765002, 1559131765081, 79, 2, 81
1559131766001, 1559131766024, 23, 0, 23
1559131767001, 1559131767068, 67, 1, 68
1559131768001, 1559131768044, 43, 1, 44
1559131769002, 1559131769082, 80, 1, 81
1559131770002, 1559131770076, 74, 2, 76
1559131771001, 1559131771072, 71, 0, 71
1559131772001, 1559131772029, 28, 0, 28
1559131773002, 1559131773064, 62, 2, 64
1559131774002, 1559131774056, 54, 1, 55
1559131775003, 1559131775064, 61, 3, 64
1559131776002, 1559131776194, 192, 0, 192
1559131777001, 1559131777039, 38, 0, 38
1559131778001, 1559131778030, 29, 0, 29
1559131779001, 1559131779060, 59, 0, 59
1559131780002, 1559131780043, 41, 1, 42
1559131781001, 1559131781082, 81, 1, 82
1559131782003, 1559131782038, 35, 1, 36
1559131783002, 1559131783049, 47, 1, 48
1559131784003, 1559131784062, 59, 2, 61
1559131785001, 1559131785036, 35, 1, 36
1559131786002, 1559131786054, 52, 0, 52
1559131787005, 1559131787047, 42, 4, 46
1559131788004, 1559131788085, 81, 2, 83
1559131789002, 1559131789042, 40, 2, 42
1559131790002, 1559131790020, 18, 1, 19
1559131791001, 1559131791032, 31, 0, 31
1559131792001, 1559131792046, 45, 1, 46
1559131793000, 1559131793032, 32, 0, 32
1559131794003, 1559131794072, 69, 0, 69
1559131795001, 1559131795067, 66, 1, 67
1559131796000, 1559131796057, 57, 0, 57
1559131797002, 1559131797061, 59, 1, 60
1559131798001, 1559131798055, 54, 1, 55
1559131799002, 1559131799036, 34, 1, 35
1559131800001, 1559131800060, 59, 0, 59
1559131801000, 1559131801049, 49, 0, 49
1559131802001, 1559131802011, 10, 1, 11
1559131803001, 1559131803125, 124, 1, 125
1559131804002, 1559131804044, 42, 1, 43
1559131805002, 1559131805023, 21, 2, 23
1559131806001, 1559131806050, 49, 0, 49
1559131807001, 1559131807045, 44, 1, 45
1559131808001, 1559131808068, 67, 1, 68
1559131809004, 1559131809086, 82, 3, 85
1559131810002, 1559131810038, 36, 1, 37
1559131811001, 1559131811028, 27, 1, 28
1559131812001, 1559131812047, 46, 0, 46
1559131813001, 1559131813066, 65, 1, 66
1559131814003, 1559131814011, 8, 2, 10
1559131815001, 1559131815078, 77, 0, 77
1559131816001, 1559131816066, 65, 1, 66
1559131817002, 1559131817060, 58, 1, 59
1559131818002, 1559131818080, 78, 1, 79
1559131819002, 1559131819079, 77, 1, 78
1559131820002, 1559131820072, 70, 2, 72
1559131821001, 1559131821016, 15, 0, 15
1559131822002, 1559131822055, 53, 2, 55
1559131823001, 1559131823046, 45, 1, 46
1559131824002, 1559131824043, 41, 1, 42
1559131825001, 1559131825065, 64, 1, 65
1559131826001, 1559131826068, 67, 1, 68
1559131827002, 1559131827029, 27, 2, 29
1559131828001, 1559131828016, 15, 1, 16
1559131829001, 1559131829038, 37, 1, 38
1559131830002, 1559131830134, 132, 1, 133
1559131831002, 1559131831062, 60, 1, 61
1559131832001, 1559131832037, 36, 1, 37
1559131833003, 1559131833062, 59, 2, 61
1559131834001, 1559131834047, 46, 1, 47
1559131835001, 1559131835061, 60, 1, 61
1559131836001, 1559131836067, 66, 0, 66
1559131837001, 1559131837060, 59, 1, 60
1559131838001, 1559131838075, 74, 0, 74
1559131839001, 1559131839022, 21, 1, 22
1559131840000, 1559131840038, 38, 0, 38
1559131841006, 1559131841056, 50, 1, 51
1559131842001, 1559131842023, 22, 0, 22
1559131843001, 1559131843036, 35, 0, 35
1559131844000, 1559131844017, 17, 0, 17
1559131845001, 1559131845068, 67, 1, 68
1559131846001, 1559131846034, 33, 0, 33
1559131847003, 1559131847075, 72, 1, 73
1559131848001, 1559131848098, 97, 1, 98
1559131849001, 1559131849056, 55, 0, 55
1559131850001, 1559131850039, 38, 0, 38
1559131851004, 1559131851074, 70, 1, 71
1559131852001, 1559131852036, 35, 0, 35
1559131853000, 1559131853057, 57, 0, 57
1559131854001, 1559131854011, 10, 1, 11
1559131855002, 1559131855008, 6, 1, 7
1559131856001, 1559131856030, 29, 1, 30
1559131857002, 1559131857064, 62, 1, 63
1559131858001, 1559131858064, 63, 1, 64
1559131859001, 1559131859044, 43, 1, 44
1559131860001, 1559131860070, 69, 0, 69
1559131861000, 1559131861080, 80, 0, 80
1559131862003, 1559131862061, 58, 2, 60
1559131863003, 1559131863086, 83, 3, 86
1559131864000, 1559131864044, 44, 0, 44
1559131865002, 1559131865089, 87, 1, 88
1559131866001, 1559131866062, 61, 1, 62
1559131867001, 1559131867017, 16, 0, 16
1559131868002, 1559131868043, 41, 1, 42
1559131869001, 1559131869058, 57, 1, 58
1559131870002, 1559131870057, 55, 1, 56
1559131871001, 1559131871048, 47, 1, 48
1559131872002, 1559131872045, 43, 1, 44
1559131873001, 1559131873053, 52, 1, 53
1559131874002, 1559131874051, 49, 1, 50
1559131875001, 1559131875031, 30, 1, 31
1559131876002, 1559131876066, 64, 2, 66
1559131877000, 1559131877190, 190, 0, 190
1559131878001, 1559131878055, 54, 1, 55
1559131879001, 1559131879059, 58, 1, 59
1559131880002, 1559131880053, 51, 1, 52
1559131881004, 1559131881096, 92, 1, 93
1559131882002, 1559131882059, 57, 2, 59
1559131883002, 1559131883029, 27, 1, 28
1559131884002, 1559131884072, 70, 1, 71
1559131885001, 1559131885080, 79, 1, 80
1559131886002, 1559131886035, 33, 1, 34
1559131887002, 1559131887028, 26, 1, 27
1559131888002, 1559131888071, 69, 1, 70
1559131889001, 1559131889026, 25, 1, 26
1559131890001, 1559131890051, 50, 1, 51
1559131891001, 1559131891070, 69, 1, 70
1559131892004, 1559131892090, 86, 1, 87
1559131893002, 1559131893087, 85, 1, 86
1559131894000, 1559131894030, 30, 0, 30
1559131895003, 1559131895029, 26, 1, 27
1559131896000, 1559131896033, 33, 0, 33
1559131897001, 1559131897028, 27, 0, 27
1559131898000, 1559131898063, 63, 0, 63
1559131899001, 1559131899072, 71, 1, 72
1559131900001, 1559131900153, 152, 1, 153
1559131901001, 1559131901035, 34, 1, 35
1559131902001, 1559131902040, 39, 0, 39
1559131903002, 1559131903066, 64, 1, 65
1559131904001, 1559131904078, 77, 1, 78
1559131905001, 1559131905056, 55, 0, 55
1559131906001, 1559131906040, 39, 1, 40
1559131907002, 1559131907025, 23, 1, 24
1559131908001, 1559131908048, 47, 0, 47
1559131909001, 1559131909057, 56, 0, 56
1559131910001, 1559131910049, 48, 1, 49
1559131911001, 1559131911042, 41, 1, 42
1559131912002, 1559131912079, 77, 1, 78
1559131913002, 1559131913046, 44, 2, 46
1559131914002, 1559131914033, 31, 2, 33
1559131915006, 1559131915054, 48, 2, 50
1559131916001, 1559131916038, 37, 0, 37
1559131917002, 1559131917013, 11, 1, 12
1559131918000, 1559131918022, 22, 0, 22
1559131919001, 1559131919043, 42, 1, 43
1559131920001, 1559131920076, 75, 1, 76
1559131921001, 1559131921047, 46, 1, 47
1559131922002, 1559131922068, 66, 1, 67
1559131923002, 1559131923027, 25, 2, 27
1559131924001, 1559131924045, 44, 0, 44
1559131925000, 1559131925046, 46, 0, 46
1559131926003, 1559131926048, 45, 2, 47
1559131927001, 1559131927046, 45, 1, 46
1559131928002, 1559131928082, 80, 1, 81
1559131929001, 1559131929061, 60, 1, 61
1559131930001, 1559131930018, 17, 0, 17
1559131931001, 1559131931042, 41, 1, 42
1559131932001, 1559131932013, 12, 1, 13
1559131933001, 1559131933049, 48, 1, 49
1559131934002, 1559131934040, 38, 2, 40
1559131935001, 1559131935063, 62, 1, 63
1559131936007, 1559131936070, 63, 6, 69
1559131937001, 1559131937064, 63, 1, 64
1559131938006, 1559131938038, 32, 5, 37
1559131939002, 1559131939121, 119, 2, 121
1559131940001, 1559131940066, 65, 0, 65
1559131941001, 1559131941067, 66, 1, 67
1559131942002, 1559131942008, 6, 1, 7
1559131943001, 1559131943007, 6, 1, 7
1559131944001, 1559131944043, 42, 1, 43
1559131945002, 1559131945068, 66, 2, 68
1559131946001, 1559131946070, 69, 1, 70
1559131947001, 1559131947039, 38, 0, 38
1559131948001, 1559131948063, 62, 0, 62
1559131949000, 1559131949041, 41, 0, 41
1559131950000, 1559131950038, 38, 0, 38
1559131951002, 1559131951057, 55, 2, 57
1559131952001, 1559131952041, 40, 1, 41
1559131953001, 1559131953023, 22, 0, 22
1559131954000, 1559131954011, 11, 0, 11
1559131955001, 1559131955037, 36, 1, 37
1559131956001, 1559131956079, 78, 1, 79
1559131957002, 1559131957048, 46, 2, 48
1559131958000, 1559131958008, 8, 0, 8
1559131959001, 1559131959032, 31, 1, 32
1559131960001, 1559131960070, 69, 0, 69
1559131961000, 1559131961063, 63, 0, 63
1559131962001, 1559131962033, 32, 1, 33
1559131963000, 1559131963018, 18, 0, 18
1559131964001, 1559131964006, 5, 0, 5
1559131965001, 1559131965013, 12, 1, 13
1559131966001, 1559131966052, 51, 1, 52
1559131967001, 1559131967028, 27, 1, 28
1559131968002, 1559131968043, 41, 1, 42
1559131969001, 1559131969037, 36, 1, 37
1559131970002, 1559131970029, 27, 1, 28
1559131971001, 1559131971212, 211, 0, 211
1559131972000, 1559131972075, 75, 0, 75
1559131973002, 1559131973052, 50, 1, 51
1559131974001, 1559131974017, 16, 1, 17
1559131975002, 1559131975008, 6, 1, 7
1559131976001, 1559131976022, 21, 1, 22
1559131977001, 1559131977035, 34, 0, 34
1559131978000, 1559131978016, 16, 0, 16
1559131979002, 1559131979024, 22, 1, 23
1559131980000, 1559131980070, 70, 0, 70
1559131981002, 1559131981067, 65, 1, 66
1559131982000, 1559131982031, 31, 0, 31
1559131983001, 1559131983030, 29, 1, 30
1559131984001, 1559131984026, 25, 0, 25
1559131985000, 1559131985020, 20, 0, 20
1559131986002, 1559131986006, 4, 1, 5
1559131987001, 1559131987005, 4, 1, 5
1559131988001, 1559131988054, 53, 0, 53
1559131989001, 1559131989052, 51, 1, 52
1559131990001, 1559131990045, 44, 1, 45
1559131991001, 1559131991070, 69, 1, 70
1559131992001, 1559131992063, 62, 1, 63
1559131993002, 1559131993063, 61, 1, 62
1559131994000, 1559131994031, 31, 0, 31
1559131995001, 1559131995030, 29, 0, 29
1559131996002, 1559131996181, 179, 1, 180
1559131997001, 1559131997061, 60, 1, 61
1559131998002, 1559131998078, 76, 1, 77
1559131999000, 1559131999025, 25, 0, 25
1559132000000, 1559132000046, 46, 0, 46
1559132001001, 1559132001079, 78, 0, 78
1559132002001, 1559132002058, 57, 1, 58
1559132003000, 1559132003051, 51, 0, 51
1559132004002, 1559132004059, 57, 1, 58
1559132005001, 1559132005070, 69, 1, 70
1559132006001, 1559132006054, 53, 1, 54
1559132007000, 1559132007043, 43, 0, 43
1559132008002, 1559132008038, 36, 1, 37
1559132009002, 1559132009088, 86, 2, 88
1559132010001, 1559132010027, 26, 0, 26
1559132011001, 1559132011034, 33, 1, 34
1559132012001, 1559132012052, 51, 0, 51
1559132013001, 1559132013104, 103, 0, 103
1559132014001, 1559132014059, 58, 1, 59
1559132015001, 1559132015052, 51, 1, 52
1559132016002, 1559132016066, 64, 1, 65
1559132017001, 1559132017036, 35, 1, 36
1559132018000, 1559132018063, 63, 0, 63
1559132019001, 1559132019075, 74, 1, 75
1559132020001, 1559132020030, 29, 1, 30
1559132021001, 1559132021260, 259, 0, 259
1559132022001, 1559132022070, 69, 1, 70
1559132023002, 1559132023044, 42, 1, 43
1559132024001, 1559132024066, 65, 1, 66
1559132025001, 1559132025052, 51, 1, 52
1559132026002, 1559132026036, 34, 0, 34
1559132027001, 1559132027092, 91, 1, 92
1559132028000, 1559132028027, 27, 0, 27
1559132029003, 1559132029063, 60, 1, 61
1559132030002, 1559132030031, 29, 2, 31
1559132031002, 1559132031052, 50, 0, 50
1559132032001, 1559132032023, 22, 0, 22
1559132033001, 1559132033038, 37, 0, 37
1559132034001, 1559132034013, 12, 0, 12
1559132035001, 1559132035011, 10, 0, 10
1559132036000, 1559132036061, 61, 0, 61
1559132037001, 1559132037035, 34, 1, 35
1559132038002, 1559132038016, 14, 0, 14
1559132039001, 1559132039090, 89, 1, 90
1559132040003, 1559132040046, 43, 1, 44
1559132041006, 1559132041028, 22, 1, 23
1559132042003, 1559132042052, 49, 1, 50
1559132043004, 1559132043043, 39, 1, 40
1559132044002, 1559132044200, 198, 2, 200
1559132045002, 1559132045054, 52, 1, 53
1559132046001, 1559132046019, 18, 1, 19
1559132047001, 1559132047063, 62, 1, 63
1559132048002, 1559132048058, 56, 1, 57
1559132049000, 1559132049069, 69, 0, 69
1559132050001, 1559132050017, 16, 0, 16
1559132051001, 1559132051032, 31, 1, 32
1559132052000, 1559132052014, 14, 0, 14
1559132053001, 1559132053057, 56, 1, 57
1559132054001, 1559132054027, 26, 0, 26
1559132055001, 1559132055070, 69, 0, 69
1559132056001, 1559132056044, 43, 0, 43
1559132057001, 1559132057072, 71, 1, 72
1559132058001, 1559132058016, 15, 0, 15
1559132059001, 1559132059063, 62, 1, 63
1559132060000, 1559132060021, 21, 0, 21
1559132061002, 1559132061040, 38, 1, 39
1559132062000, 1559132062058, 58, 0, 58
1559132063002, 1559132063082, 80, 1, 81
1559132064001, 1559132064058, 57, 1, 58
1559132065001, 1559132065043, 42, 1, 43
1559132066001, 1559132066063, 62, 0, 62
1559132067001, 1559132067286, 285, 1, 286
1559132068001, 1559132068062, 61, 1, 62
1559132069001, 1559132069042, 41, 0, 41
1559132070000, 1559132070051, 51, 0, 51
1559132071002, 1559132071036, 34, 1, 35
1559132072000, 1559132072022, 22, 0, 22
1559132073001, 1559132073035, 34, 1, 35
1559132074001, 1559132074039, 38, 1, 39
1559132075001, 1559132075057, 56, 1, 57
1559132076001, 1559132076058, 57, 1, 58
1559132077001, 1559132077079, 78, 0, 78
1559132078001, 1559132078029, 28, 1, 29
1559132079002, 1559132079056, 54, 1, 55
1559132080001, 1559132080046, 45, 1, 46
1559132081000, 1559132081055, 55, 0, 55
1559132082003, 1559132082043, 40, 2, 42
1559132083001, 1559132083016, 15, 0, 15
1559132084001, 1559132084037, 36, 0, 36
1559132085001, 1559132085037, 36, 1, 37
1559132086002, 1559132086118, 116, 1, 117
1559132087000, 1559132087014, 14, 0, 14
1559132088001, 1559132088266, 265, 1, 266
1559132089001, 1559132089057, 56, 1, 57
1559132090002, 1559132090027, 25, 1, 26
1559132091001, 1559132091073, 72, 1, 73
1559132092002, 1559132092058, 56, 1, 57
1559132093001, 1559132093064, 63, 1, 64
1559132094002, 1559132094009, 7, 2, 9
1559132095001, 1559132095054, 53, 1, 54
1559132096011, 1559132096063, 52, 9, 61
1559132097000, 1559132097088, 88, 0, 88
1559132098002, 1559132098012, 10, 2, 12
1559132099002, 1559132099032, 30, 1, 31
1559132100000, 1559132100066, 66, 0, 66
1559132101001, 1559132101034, 33, 1, 34
1559132102001, 1559132102023, 22, 1, 23
1559132103001, 1559132103045, 44, 1, 45
1559132104001, 1559132104062, 61, 1, 62
1559132105001, 1559132105048, 47, 1, 48
1559132106001, 1559132106059, 58, 1, 59
1559132107001, 1559132107053, 52, 1, 53
1559132108001, 1559132108305, 304, 1, 305
1559132109001, 1559132109039, 38, 1, 39
1559132110002, 1559132110017, 15, 1, 16
1559132111001, 1559132111006, 5, 1, 6
1559132112001, 1559132112028, 27, 1, 28
1559132113001, 1559132113026, 25, 1, 26
1559132114001, 1559132114063, 62, 0, 62
1559132115001, 1559132115043, 42, 1, 43
1559132116001, 1559132116055, 54, 1, 55
1559132117001, 1559132117088, 87, 1, 88
1559132118001, 1559132118037, 36, 1, 37
1559132119002, 1559132119038, 36, 1, 37
1559132120002, 1559132120036, 34, 2, 36
1559132121000, 1559132121048, 48, 0, 48
1559132122001, 1559132122038, 37, 1, 38
1559132123002, 1559132123020, 18, 2, 20
1559132124000, 1559132124016, 16, 0, 16
1559132125002, 1559132125276, 274, 2, 276
1559132126001, 1559132126024, 23, 1, 24
1559132127001, 1559132127059, 58, 1, 59
1559132128002, 1559132128050, 48, 1, 49
1559132129001, 1559132129116, 115, 1, 116
1559132130001, 1559132130047, 46, 0, 46
1559132131001, 1559132131051, 50, 1, 51
1559132132001, 1559132132049, 48, 1, 49
1559132133001, 1559132133047, 46, 0, 46
1559132134000, 1559132134066, 66, 0, 66
1559132135001, 1559132135059, 58, 1, 59
1559132136000, 1559132136035, 35, 0, 35
1559132137001, 1559132137035, 34, 0, 34
1559132138001, 1559132138047, 46, 1, 47
1559132139002, 1559132139043, 41, 1, 42
1559132140001, 1559132140051, 50, 1, 51
1559132141000, 1559132141067, 67, 0, 67
1559132142001, 1559132142041, 40, 0, 40
1559132143001, 1559132143027, 26, 1, 27
1559132144001, 1559132144058, 57, 1, 58
1559132145001, 1559132145044, 43, 1, 44
1559132146001, 1559132146040, 39, 1, 40
1559132147001, 1559132147057, 56, 1, 57
1559132148001, 1559132148058, 57, 1, 58
1559132149004, 1559132149055, 51, 1, 52
1559132150001, 1559132150046, 45, 1, 46
1559132151001, 1559132151094, 93, 1, 94
1559132152002, 1559132152046, 44, 1, 45
1559132153000, 1559132153059, 59, 0, 59
1559132154002, 1559132154052, 50, 1, 51
1559132155001, 1559132155077, 76, 1, 77
1559132156001, 1559132156050, 49, 1, 50
1559132157238, 1559132157299, 61, 237, 298
1559132158001, 1559132158040, 39, 1, 40
1559132159001, 1559132159055, 54, 1, 55
1559132160002, 1559132160032, 30, 1, 31
1559132161002, 1559132161045, 43, 1, 44
1559132162002, 1559132162067, 65, 1, 66
1559132163001, 1559132163047, 46, 1, 47
1559132164001, 1559132164046, 45, 1, 46
1559132165001, 1559132165099, 98, 1, 99
1559132166000, 1559132166048, 48, 0, 48
1559132167000, 1559132167024, 24, 0, 24
1559132168001, 1559132168053, 52, 0, 52
1559132169002, 1559132169055, 53, 1, 54
1559132170001, 1559132170077, 76, 1, 77
1559132171002, 1559132171332, 330, 1, 331
1559132172002, 1559132172059, 57, 2, 59
1559132173000, 1559132173028, 28, 0, 28
1559132174002, 1559132174011, 9, 2, 11
1559132175001, 1559132175036, 35, 1, 36
1559132176001, 1559132176017, 16, 0, 16
1559132177004, 1559132177014, 10, 4, 14
1559132178001, 1559132178032, 31, 0, 31
1559132179001, 1559132179044, 43, 1, 44
1559132180002, 1559132180055, 53, 1, 54
1559132181001, 1559132181070, 69, 1, 70
1559132182001, 1559132182043, 42, 1, 43
1559132183000, 1559132183008, 8, 0, 8
1559132184002, 1559132184048, 46, 1, 47
1559132185000, 1559132185294, 294, 0, 294
1559132186000, 1559132186070, 70, 0, 70
1559132187002, 1559132187032, 30, 1, 31
1559132188001, 1559132188086, 85, 0, 85
1559132189001, 1559132189050, 49, 1, 50
1559132190000, 1559132190027, 27, 0, 27
1559132191001, 1559132191011, 10, 1, 11
1559132192001, 1559132192007, 6, 0, 6
1559132193001, 1559132193042, 41, 1, 42
1559132194002, 1559132194039, 37, 1, 38
1559132195001, 1559132195099, 98, 1, 99
1559132196002, 1559132196038, 36, 1, 37
1559132197000, 1559132197063, 63, 0, 63
1559132198000, 1559132198042, 42, 0, 42
1559132199001, 1559132199051, 50, 1, 51
1559132200001, 1559132200043, 42, 0, 42
1559132201000, 1559132201051, 51, 0, 51
1559132202001, 1559132202038, 37, 1, 38
1559132203004, 1559132203009, 5, 1, 6
1559132204000, 1559132204006, 6, 0, 6
1559132205002, 1559132205098, 96, 1, 97
1559132206001, 1559132206039, 38, 1, 39
1559132207000, 1559132207079, 79, 0, 79
1559132208002, 1559132208051, 49, 1, 50
1559132209000, 1559132209031, 31, 0, 31
1559132210001, 1559132210022, 21, 1, 22
1559132211000, 1559132211012, 12, 0, 12
1559132212001, 1559132212077, 76, 1, 77
1559132213001, 1559132213057, 56, 1, 57
1559132214003, 1559132214046, 43, 0, 43
1559132215001, 1559132215200, 199, 1, 200
1559132216002, 1559132216014, 12, 1, 13
1559132217002, 1559132217058, 56, 1, 57
1559132218000, 1559132218019, 19, 0, 19
1559132219001, 1559132219095, 94, 1, 95
1559132220002, 1559132220074, 72, 1, 73
1559132221002, 1559132221043, 41, 1, 42
1559132222001, 1559132222036, 35, 1, 36
1559132223001, 1559132223011, 10, 1, 11
1559132224001, 1559132224071, 70, 0, 70
1559132225001, 1559132225067, 66, 1, 67
1559132226001, 1559132226061, 60, 1, 61
1559132227002, 1559132227017, 15, 1, 16
1559132228000, 1559132228019, 19, 0, 19
1559132229001, 1559132229073, 72, 1, 73
1559132230001, 1559132230056, 55, 1, 56
1559132231001, 1559132233703, 2702, 1, 2703
1559132233736, 1559132233793, 57, 1, 58
1559132233795, 1559132233833, 38, 1, 39
1559132234001, 1559132234123, 122, 1, 123
1559132235002, 1559132235022, 20, 1, 21
1559132236002, 1559132236039, 37, 2, 39
1559132237001, 1559132237059, 58, 0, 58
1559132238000, 1559132238051, 51, 0, 51
1559132239002, 1559132239010, 8, 2, 10
1559132240002, 1559132240007, 5, 1, 6
1559132241002, 1559132241042, 40, 2, 42
1559132242002, 1559132242029, 27, 1, 28
1559132243000, 1559132243051, 51, 0, 51
1559132244001, 1559132244048, 47, 1, 48
1559132245001, 1559132245021, 20, 0, 20
1559132246001, 1559132246045, 44, 1, 45
1559132247001, 1559132247074, 73, 1, 74
1559132248002, 1559132248099, 97, 1, 98
1559132249001, 1559132249071, 70, 1, 71
1559132250001, 1559132250035, 34, 0, 34
1559132251001, 1559132251007, 6, 1, 7
1559132252001, 1559132252032, 31, 0, 31
1559132253001, 1559132253045, 44, 1, 45
1559132254002, 1559132254076, 74, 1, 75
1559132255001, 1559132255063, 62, 1, 63
1559132256001, 1559132256051, 50, 1, 51
1559132257001, 1559132257070, 69, 1, 70
1559132258001, 1559132258055, 54, 1, 55
1559132259000, 1559132259010, 10, 0, 10
1559132260001, 1559132260039, 38, 1, 39
1559132261001, 1559132261060, 59, 1, 60
1559132262000, 1559132262047, 47, 0, 47
1559132263001, 1559132263008, 7, 1, 8
1559132264001, 1559132264071, 70, 1, 71
1559132265002, 1559132265071, 69, 1, 70
1559132266000, 1559132266035, 35, 0, 35
1559132267002, 1559132267065, 63, 2, 65
1559132268001, 1559132268224, 223, 1, 224
1559132269001, 1559132269066, 65, 1, 66
1559132270001, 1559132270082, 81, 0, 81
1559132271001, 1559132271048, 47, 1, 48
1559132272001, 1559132272055, 54, 1, 55
1559132273002, 1559132273044, 42, 1, 43
1559132274000, 1559132274031, 31, 0, 31
1559132275002, 1559132275012, 10, 1, 11
1559132276001, 1559132276054, 53, 1, 54
1559132277002, 1559132277066, 64, 1, 65
1559132278001, 1559132278051, 50, 1, 51
1559132279001, 1559132279051, 50, 1, 51
1559132280000, 1559132280019, 19, 0, 19
1559132281001, 1559132281052, 51, 1, 52
1559132282002, 1559132282065, 63, 1, 64
1559132283002, 1559132283048, 46, 1, 47
1559132284001, 1559132284028, 27, 1, 28
1559132299576, 1559132300357, 781, 215, 996
1559132300411, 1559132300519, 108, 4, 112
1559132301005, 1559132301110, 105, 4, 109
1559132302004, 1559132302184, 180, 3, 183
1559132303004, 1559132303101, 97, 4, 101
1559132304002, 1559132304151, 149, 1, 150
1559132305004, 1559132305083, 79, 3, 82
1559132306004, 1559132306083, 79, 3, 82
1559132307003, 1559132307114, 111, 2, 113
1559132308004, 1559132308066, 62, 3, 65
1559132309003, 1559132309067, 64, 2, 66
1559132310003, 1559132310086, 83, 3, 86
1559132311002, 1559132311081, 79, 1, 80
1559132312007, 1559132312076, 69, 6, 75
1559132313001, 1559132313046, 45, 1, 46
1559132314003, 1559132314100, 97, 2, 99
1559132315003, 1559132315051, 48, 1, 49
1559132316003, 1559132316108, 105, 2, 107
1559132317003, 1559132317063, 60, 2, 62
1559132318001, 1559132318056, 55, 1, 56
1559132319003, 1559132319050, 47, 2, 49
1559132320003, 1559132320149, 146, 2, 148
1559132321002, 1559132321119, 117, 2, 119
1559132322001, 1559132322039, 38, 1, 39
1559132323001, 1559132323040, 39, 1, 40
1559132324003, 1559132324059, 56, 2, 58
1559132325008, 1559132325064, 56, 6, 62
1559132326001, 1559132326059, 58, 1, 59
1559132327002, 1559132327042, 40, 2, 42
1559132328002, 1559132328063, 61, 2, 63
1559132329001, 1559132329050, 49, 1, 50
1559132330002, 1559132330056, 54, 1, 55
1559132331003, 1559132331048, 45, 2, 47
1559132332001, 1559132332026, 25, 1, 26
1559132333001, 1559132333067, 66, 0, 66
1559132334001, 1559132334070, 69, 1, 70
1559132335001, 1559132335035, 34, 1, 35
1559132336001, 1559132336067, 66, 0, 66
1559132337003, 1559132337067, 64, 2, 66
1559132338003, 1559132338041, 38, 2, 40
1559132339001, 1559132339051, 50, 1, 51
1559132340011, 1559132340069, 58, 9, 67
1559132341002, 1559132341059, 57, 0, 57
1559132342001, 1559132342127, 126, 1, 127
1559132343003, 1559132343012, 9, 2, 11
1559132344001, 1559132344045, 44, 1, 45
1559132345001, 1559132345033, 32, 0, 32
1559132346001, 1559132346034, 33, 1, 34
1559132347001, 1559132347030, 29, 1, 30
1559132348002, 1559132348031, 29, 2, 31
1559132349002, 1559132349054, 52, 1, 53
1559132350001, 1559132350077, 76, 0, 76
1559132351003, 1559132351087, 84, 2, 86
1559132352001, 1559132352038, 37, 0, 37
1559132353001, 1559132353076, 75, 1, 76
1559132354002, 1559132354061, 59, 1, 60
1559132355002, 1559132355011, 9, 2, 11
1559132356002, 1559132356020, 18, 1, 19
1559132357002, 1559132357047, 45, 2, 47
1559132358002, 1559132358061, 59, 1, 60
1559132359001, 1559132359047, 46, 1, 47
1559132360003, 1559132360067, 64, 2, 66
1559132361002, 1559132361072, 70, 1, 71
1559132362002, 1559132362081, 79, 2, 81
1559132363002, 1559132363055, 53, 2, 55
1559132364002, 1559132364079, 77, 1, 78
1559132365002, 1559132365141, 139, 1, 140
1559132366004, 1559132366070, 66, 1, 67
1559132367001, 1559132367020, 19, 0, 19
1559132368002, 1559132368037, 35, 1, 36
1559132369002, 1559132369055, 53, 2, 55
1559132370001, 1559132370059, 58, 0, 58
1559132371002, 1559132371013, 11, 1, 12
1559132372002, 1559132372046, 44, 2, 46
1559132373002, 1559132373062, 60, 1, 61
1559132374001, 1559132374051, 50, 1, 51
1559132375001, 1559132375047, 46, 1, 47
1559132376002, 1559132376051, 49, 1, 50
1559132377001, 1559132377042, 41, 1, 42
1559132378001, 1559132378098, 97, 0, 97
1559132379002, 1559132379014, 12, 2, 14
1559132380003, 1559132380012, 9, 2, 11
1559132381002, 1559132381076, 74, 1, 75
1559132382001, 1559132382072, 71, 1, 72
1559132383003, 1559132383045, 42, 0, 42
1559132384003, 1559132384042, 39, 1, 40
1559132385001, 1559132385050, 49, 0, 49
1559132386002, 1559132386060, 58, 1, 59
1559132387001, 1559132387051, 50, 1, 51
1559132388002, 1559132388079, 77, 1, 78
1559132389001, 1559132389050, 49, 1, 50
1559132390001, 1559132390032, 31, 0, 31
1559132391001, 1559132391059, 58, 1, 59
1559132392002, 1559132392028, 26, 2, 28
1559132393001, 1559132393052, 51, 0, 51
1559132394002, 1559132394147, 145, 2, 147
1559132395002, 1559132395030, 28, 1, 29
1559132396002, 1559132396037, 35, 2, 37
1559132397001, 1559132397014, 13, 0, 13
1559132398001, 1559132398085, 84, 0, 84
1559132399002, 1559132399043, 41, 2, 43
1559132400001, 1559132400043, 42, 1, 43
1559132401000, 1559132401065, 65, 0, 65
1559132402002, 1559132402077, 75, 1, 76
1559132403001, 1559132403011, 10, 0, 10
1559132404001, 1559132404015, 14, 0, 14
1559132405001, 1559132405020, 19, 1, 20
1559132406003, 1559132406028, 25, 0, 25
1559132407002, 1559132407026, 24, 2, 26
1559132408001, 1559132408033, 32, 1, 33
1559132409002, 1559132409068, 66, 2, 68
1559132410003, 1559132410063, 60, 3, 63
1559132411002, 1559132411043, 41, 1, 42
1559132412002, 1559132412066, 64, 2, 66
1559132413002, 1559132413042, 40, 1, 41
1559132414000, 1559132414034, 34, 0, 34
1559132415003, 1559132415011, 8, 2, 10
1559132416001, 1559132416007, 6, 1, 7
1559132417002, 1559132417024, 22, 1, 23
1559132418010, 1559132418085, 75, 9, 84
1559132419001, 1559132419035, 34, 1, 35
1559132420002, 1559132420031, 29, 1, 30
1559132421002, 1559132421066, 64, 1, 65
1559132422002, 1559132422036, 34, 1, 35
1559132423002, 1559132423051, 49, 1, 50
1559132424003, 1559132424048, 45, 2, 47
1559132425002, 1559132425058, 56, 1, 57
1559132426003, 1559132426072, 69, 2, 71
1559132427001, 1559132427027, 26, 0, 26
1559132428002, 1559132428035, 33, 1, 34
1559132429002, 1559132429040, 38, 1, 39
1559132430001, 1559132430081, 80, 0, 80
1559132431002, 1559132431023, 21, 2, 23
1559132432000, 1559132432042, 42, 0, 42
1559132433001, 1559132433069, 68, 0, 68
1559132434002, 1559132434149, 147, 2, 149
1559132435001, 1559132435063, 62, 1, 63
1559132436001, 1559132436055, 54, 1, 55
1559132437002, 1559132437057, 55, 1, 56
1559132438003, 1559132438052, 49, 2, 51
1559132439002, 1559132439041, 39, 2, 41
1559132440001, 1559132440050, 49, 0, 49
1559132441001, 1559132441028, 27, 0, 27
1559132442001, 1559132442040, 39, 1, 40
1559132443002, 1559132443026, 24, 0, 24
1559132444001, 1559132444050, 49, 1, 50
1559132445002, 1559132445068, 66, 1, 67
1559132446004, 1559132446069, 65, 3, 68
1559132447002, 1559132447015, 13, 1, 14
1559132448001, 1559132448061, 60, 1, 61
1559132449003, 1559132449080, 77, 3, 80
1559132450001, 1559132450065, 64, 1, 65
1559132451001, 1559132451040, 39, 1, 40
1559132452001, 1559132452067, 66, 0, 66
1559132453002, 1559132453065, 63, 2, 65
1559132454004, 1559132454080, 76, 3, 79
1559132455002, 1559132455060, 58, 1, 59
1559132456001, 1559132456062, 61, 1, 62
1559132457002, 1559132457051, 49, 1, 50
1559132458002, 1559132458073, 71, 2, 73
1559132459002, 1559132459062, 60, 1, 61
1559132460000, 1559132460209, 209, 0, 209
1559132461001, 1559132461023, 22, 0, 22
1559132462002, 1559132462080, 78, 1, 79
1559132463002, 1559132463067, 65, 1, 66
1559132464002, 1559132464047, 45, 2, 47
1559132465000, 1559132465034, 34, 0, 34
1559132466001, 1559132466034, 33, 0, 33
1559132467002, 1559132467028, 26, 2, 28
1559132468002, 1559132468058, 56, 1, 57
1559132469002, 1559132469067, 65, 2, 67
1559132470005, 1559132470076, 71, 4, 75
1559132471001, 1559132471067, 66, 1, 67
1559132472002, 1559132472062, 60, 1, 61
1559132473000, 1559132473046, 46, 0, 46
1559132474001, 1559132474071, 70, 1, 71
1559132475001, 1559132475011, 10, 1, 11
1559132476001, 1559132476039, 38, 0, 38
1559132477002, 1559132477047, 45, 1, 46
1559132478001, 1559132478054, 53, 1, 54
1559132479002, 1559132479023, 21, 1, 22
1559132480003, 1559132480023, 20, 1, 21
1559132481002, 1559132481036, 34, 2, 36
1559132482001, 1559132482042, 41, 1, 42
1559132483002, 1559132483039, 37, 1, 38
1559132484000, 1559132484060, 60, 0, 60
1559132485001, 1559132485059, 58, 0, 58
1559132486002, 1559132486032, 30, 1, 31
1559132487001, 1559132487037, 36, 1, 37
1559132488003, 1559132488064, 61, 1, 62
1559132489003, 1559132489071, 68, 1, 69
1559132490007, 1559132490050, 43, 1, 44
1559132491001, 1559132491064, 63, 0, 63
1559132492001, 1559132492028, 27, 1, 28
1559132493000, 1559132493024, 24, 0, 24
1559132494001, 1559132494023, 22, 1, 23
1559132495000, 1559132495014, 14, 0, 14
1559132496002, 1559132496918, 916, 1, 917
1559132497001, 1559132497038, 37, 1, 38
1559132498001, 1559132498055, 54, 1, 55
1559132499000, 1559132499067, 67, 0, 67
1559132500001, 1559132500034, 33, 1, 34
1559132501001, 1559132501044, 43, 1, 44
1559132502001, 1559132502072, 71, 0, 71
1559132503001, 1559132503025, 24, 1, 25
1559132504003, 1559132504095, 92, 1, 93
1559132505002, 1559132505071, 69, 1, 70
1559132506002, 1559132506071, 69, 2, 71
1559132507001, 1559132507055, 54, 0, 54
1559132508000, 1559132508048, 48, 0, 48
1559132509001, 1559132509036, 35, 1, 36
1559132510002, 1559132510048, 46, 1, 47
1559132511001, 1559132511028, 27, 1, 28
1559132512001, 1559132512025, 24, 0, 24
1559132513001, 1559132513039, 38, 1, 39
1559132514002, 1559132514086, 84, 2, 86
1559132515001, 1559132515039, 38, 1, 39
1559132516001, 1559132516043, 42, 1, 43
1559132517002, 1559132517039, 37, 1, 38
1559132518001, 1559132518031, 30, 1, 31
1559132519000, 1559132519039, 39, 0, 39
1559132520001, 1559132520031, 30, 0, 30
1559132521001, 1559132521066, 65, 1, 66
1559132522002, 1559132522051, 49, 1, 50
1559132523001, 1559132523043, 42, 1, 43
1559132524002, 1559132524013, 11, 1, 12
1559132525002, 1559132525015, 13, 1, 14
1559132526002, 1559132526013, 11, 1, 12
1559132527002, 1559132527012, 10, 1, 11
1559132528002, 1559132528015, 13, 1, 14
1559132529001, 1559132529004, 3, 1, 4
1559132530000, 1559132530005, 5, 0, 5
1559132531001, 1559132531010, 9, 0, 9
1559132532000, 1559132532031, 31, 0, 31
1559132533001, 1559132533005, 4, 0, 4
1559132534001, 1559132534004, 3, 1, 4
1559132535002, 1559132535018, 16, 1, 17
1559132536002, 1559132536059, 57, 1, 58
1559132537006, 1559132537048, 42, 4, 46
1559132538000, 1559132538028, 28, 0, 28
1559132539004, 1559132539058, 54, 1, 55
1559132540001, 1559132540036, 35, 0, 35
1559132541001, 1559132541062, 61, 1, 62
1559132542001, 1559132542031, 30, 0, 30
1559132543001, 1559132543043, 42, 1, 43
1559132544002, 1559132544070, 68, 1, 69
1559132545001, 1559132545006, 5, 1, 6
1559132546001, 1559132546034, 33, 0, 33
1559132547002, 1559132547032, 30, 1, 31
1559132548002, 1559132548052, 50, 1, 51
1559132549001, 1559132549096, 95, 0, 95
1559132550001, 1559132550024, 23, 1, 24
1559132551000, 1559132551062, 62, 0, 62
1559132552002, 1559132552162, 160, 1, 161
1559132553004, 1559132553061, 57, 3, 60
1559132554001, 1559132554035, 34, 1, 35
1559132555002, 1559132555080, 78, 2, 80
1559132556002, 1559132556042, 40, 1, 41
1559132557002, 1559132557040, 38, 2, 40
1559132558001, 1559132558057, 56, 0, 56
1559132559001, 1559132559068, 67, 1, 68
1559132560001, 1559132560044, 43, 1, 44
1559132561000, 1559132561016, 16, 0, 16
1559132562001, 1559132562071, 70, 1, 71
1559132563002, 1559132563045, 43, 1, 44
1559132564001, 1559132564046, 45, 1, 46
1559132565001, 1559132565070, 69, 0, 69
1559132566001, 1559132566066, 65, 1, 66
1559132567002, 1559132567060, 58, 2, 60
1559132568001, 1559132568147, 146, 1, 147
1559132569001, 1559132569012, 11, 1, 12
1559132570002, 1559132570077, 75, 1, 76
1559132571003, 1559132571049, 46, 2, 48
1559132572003, 1559132572034, 31, 3, 34
1559132573001, 1559132573036, 35, 1, 36
1559132574002, 1559132574074, 72, 1, 73
1559132575001, 1559132575059, 58, 1, 59
1559132576001, 1559132576113, 112, 0, 112
1559132577001, 1559132577026, 25, 1, 26
1559132578002, 1559132578063, 61, 2, 63
1559132579002, 1559132579029, 27, 1, 28
1559132580001, 1559132580027, 26, 1, 27
1559132581001, 1559132581014, 13, 0, 13
1559132582001, 1559132582077, 76, 1, 77
1559132583002, 1559132583064, 62, 1, 63
1559132584000, 1559132584066, 66, 0, 66
1559132585002, 1559132585044, 42, 1, 43
1559132586001, 1559132586040, 39, 1, 40
1559132587001, 1559132587086, 85, 0, 85
1559132588001, 1559132588037, 36, 1, 37
1559132589001, 1559132589025, 24, 1, 25
1559132590001, 1559132590078, 77, 0, 77
1559132591001, 1559132591063, 62, 1, 63
1559132592002, 1559132592067, 65, 1, 66
1559132593001, 1559132593057, 56, 1, 57
1559132594002, 1559132594043, 41, 2, 43
1559132595001, 1559132595030, 29, 0, 29
1559132596001, 1559132596126, 125, 1, 126
1559132597001, 1559132597011, 10, 1, 11
1559132598002, 1559132598043, 41, 1, 42
1559132599001, 1559132599056, 55, 1, 56
1559132600001, 1559132600046, 45, 1, 46
1559132601001, 1559132601062, 61, 1, 62
1559132602001, 1559132602058, 57, 1, 58
1559132603001, 1559132603029, 28, 0, 28
1559132604000, 1559132604066, 66, 0, 66
1559132605002, 1559132605049, 47, 1, 48
1559132606001, 1559132606071, 70, 1, 71
1559132607001, 1559132607194, 193, 0, 193
1559132608001, 1559132608050, 49, 1, 50
1559132609001, 1559132609027, 26, 0, 26
1559132610001, 1559132610060, 59, 1, 60
1559132611001, 1559132611068, 67, 1, 68
1559132612001, 1559132612048, 47, 1, 48
1559132613000, 1559132613055, 55, 0, 55
1559132614001, 1559132614064, 63, 1, 64
1559132615002, 1559132615059, 57, 1, 58
1559132616001, 1559132616067, 66, 1, 67
1559132789201, 1559132789520, 319, 53, 372
1559132790007, 1559132790111, 104, 3, 107
1559132791003, 1559132791054, 51, 1, 52
1559132792002, 1559132792086, 84, 1, 85
1559132793002, 1559132793070, 68, 1, 69
1559132794002, 1559132794037, 35, 1, 36
1559132795005, 1559132795041, 36, 4, 40
1559132796002, 1559132796025, 23, 1, 24
1559132797002, 1559132797048, 46, 1, 47
1559132798006, 1559132798096, 90, 2, 92
1559132799004, 1559132799029, 25, 3, 28
1559132800004, 1559132800042, 38, 2, 40
1559132801004, 1559132801039, 35, 2, 37
1559132802004, 1559132802043, 39, 3, 42
1559132803004, 1559132803044, 40, 2, 42
1559132804005, 1559132804049, 44, 2, 46
1559132805004, 1559132805035, 31, 3, 34
1559132806004, 1559132806038, 34, 3, 37
1559132807004, 1559132807039, 35, 2, 37
1559132808005, 1559132808014, 9, 3, 12
1559132809005, 1559132809054, 49, 3, 52
1559132810004, 1559132810019, 15, 2, 17
1559132811004, 1559132811023, 19, 2, 21
1559132812003, 1559132812032, 29, 2, 31
1559132813003, 1559132813022, 19, 2, 21
1559132814003, 1559132814027, 24, 2, 26
1559132815003, 1559132815033, 30, 2, 32
1559132816005, 1559132816026, 21, 3, 24
1559132817003, 1559132817022, 19, 2, 21
1559132818001, 1559132818012, 11, 0, 11
1559132819004, 1559132819021, 17, 3, 20
1559132820004, 1559132820026, 22, 2, 24
1559132821004, 1559132821030, 26, 2, 28
1559132822003, 1559132822021, 18, 1, 19
1559132823003, 1559132823026, 23, 2, 25
1559132824003, 1559132824022, 19, 2, 21
1559132825005, 1559132825016, 11, 3, 14
1559132826002, 1559132826025, 23, 1, 24
1559132827003, 1559132827013, 10, 2, 12
1559132828004, 1559132828020, 16, 2, 18
1559132829003, 1559132829010, 7, 1, 8
1559132830003, 1559132830063, 60, 1, 61
1559132831003, 1559132831010, 7, 1, 8
1559132832003, 1559132832022, 19, 2, 21
1559132833002, 1559132833011, 9, 1, 10
1559132834002, 1559132834030, 28, 1, 29
1559132835003, 1559132835010, 7, 2, 9
1559132836003, 1559132836025, 22, 1, 23
1559132837003, 1559132837033, 30, 2, 32
1559132838003, 1559132838026, 23, 2, 25
1559132839004, 1559132839011, 7, 2, 9
1559132840004, 1559132840025, 21, 2, 23
1559132841003, 1559132841047, 44, 1, 45
1559132842001, 1559132842009, 8, 0, 8
1559132843003, 1559132843019, 16, 2, 18
1559132844003, 1559132844022, 19, 1, 20
1559132845003, 1559132845018, 15, 2, 17
1559132846003, 1559132846016, 13, 2, 15
1559132847003, 1559132847021, 18, 1, 19
1559132848002, 1559132848016, 14, 1, 15
1559132849003, 1559132849017, 14, 1, 15
1559132850003, 1559132850034, 31, 2, 33
1559132851002, 1559132851023, 21, 1, 22
1559132852004, 1559132852076, 72, 2, 74
1559132853003, 1559132853022, 19, 1, 20
1559132854003, 1559132854022, 19, 2, 21
1559132855003, 1559132855020, 17, 1, 18
1559132856004, 1559132856021, 17, 2, 19
1559132857003, 1559132857018, 15, 1, 16
1559132858003, 1559132858019, 16, 2, 18
1559132859001, 1559132859008, 7, 1, 8
1559132860003, 1559132860019, 16, 1, 17
1559132861003, 1559132861016, 13, 2, 15
1559132862001, 1559132862007, 6, 1, 7
1559132863003, 1559132863022, 19, 1, 20
1559132864003, 1559132864014, 11, 1, 12
1559132865002, 1559132865017, 15, 1, 16
1559132866003, 1559132866015, 12, 1, 13
1559132867003, 1559132867016, 13, 2, 15
1559132868002, 1559132868016, 14, 1, 15
1559132869003, 1559132869019, 16, 1, 17
1559132870003, 1559132870021, 18, 2, 20
1559132871002, 1559132871020, 18, 1, 19
1559132872003, 1559132872010, 7, 1, 8
1559132873003, 1559132873017, 14, 2, 16
1559132874003, 1559132874016, 13, 2, 15
1559132875004, 1559132875021, 17, 2, 19
1559132876001, 1559132876008, 7, 1, 8
1559132877003, 1559132877051, 48, 1, 49
1559132878001, 1559132878008, 7, 1, 8
1559132879002, 1559132879017, 15, 1, 16
1559132880003, 1559132880020, 17, 1, 18
1559132881003, 1559132881024, 21, 2, 23
1559132882002, 1559132882011, 9, 1, 10
1559132883003, 1559132883017, 14, 2, 16
1559132884002, 1559132884017, 15, 1, 16
1559132885003, 1559132885016, 13, 1, 14
1559132886002, 1559132886019, 17, 1, 18
1559132887001, 1559132887005, 4, 0, 4
1559132888002, 1559132888017, 15, 1, 16
1559132889003, 1559132889019, 16, 2, 18
1559132890002, 1559132890016, 14, 1, 15
1559132891003, 1559132891021, 18, 1, 19
1559132892002, 1559132892016, 14, 1, 15
1559132893003, 1559132893023, 20, 2, 22
1559132894002, 1559132894027, 25, 1, 26
1559132895001, 1559132895006, 5, 0, 5
1559132896002, 1559132896021, 19, 1, 20
1559132897003, 1559132897016, 13, 2, 15
1559132898001, 1559132898006, 5, 1, 6
1559132899002, 1559132899017, 15, 1, 16
1559132900002, 1559132900013, 11, 1, 12
1559132901003, 1559132901019, 16, 1, 17
1559132902004, 1559132902057, 53, 3, 56
1559132903001, 1559132903006, 5, 0, 5
1559132904001, 1559132904006, 5, 0, 5
1559132905002, 1559132905015, 13, 1, 14
1559132906003, 1559132906021, 18, 2, 20
1559132907002, 1559132907018, 16, 1, 17
1559132908002, 1559132908015, 13, 1, 14
1559132909003, 1559132909009, 6, 2, 8
1559132910001, 1559132910005, 4, 1, 5
1559132911001, 1559132911009, 8, 1, 9
1559132912002, 1559132912016, 14, 1, 15
1559132913003, 1559132913017, 14, 1, 15
1559132914003, 1559132914016, 13, 2, 15
1559132915002, 1559132915009, 7, 1, 8
1559132916003, 1559132916014, 11, 2, 13
1559132917003, 1559132917017, 14, 2, 16
1559132918001, 1559132918009, 8, 1, 9
1559132919003, 1559132919011, 8, 1, 9
1559132920003, 1559132920018, 15, 1, 16
1559132921003, 1559132921027, 24, 1, 25
1559132922002, 1559132922015, 13, 1, 14
1559132923003, 1559132923015, 12, 1, 13
1559132924002, 1559132924014, 12, 1, 13
1559132925003, 1559132925014, 11, 1, 12
1559132926002, 1559132926087, 85, 1, 86
1559132927002, 1559132927012, 10, 1, 11
1559132928002, 1559132928016, 14, 1, 15
1559132929002, 1559132929014, 12, 1, 13
1559132930002, 1559132930010, 8, 1, 9
1559132931003, 1559132931014, 11, 1, 12
1559132932002, 1559132932009, 7, 1, 8
1559132933003, 1559132933015, 12, 2, 14
1559132934002, 1559132934009, 7, 1, 8
1559132935002, 1559132935015, 13, 1, 14
1559132936001, 1559132936013, 12, 1, 13
1559132937003, 1559132937016, 13, 2, 15
1559132938002, 1559132938016, 14, 1, 15
1559132939002, 1559132939017, 15, 1, 16
1559132940002, 1559132940022, 20, 1, 21
1559132941002, 1559132941016, 14, 1, 15
1559132942002, 1559132942015, 13, 1, 14
1559132943003, 1559132943021, 18, 2, 20
1559132944002, 1559132944016, 14, 1, 15
1559132945003, 1559132945020, 17, 2, 19
1559132946002, 1559132946015, 13, 1, 14
1559132947003, 1559132947019, 16, 2, 18
1559132948002, 1559132948016, 14, 1, 15
1559132949002, 1559132949020, 18, 1, 19
1559132950002, 1559132950039, 37, 1, 38
1559132951002, 1559132951014, 12, 1, 13
1559132952003, 1559132952016, 13, 1, 14
1559132953002, 1559132953014, 12, 1, 13
1559132954002, 1559132954014, 12, 1, 13
1559132955002, 1559132955008, 6, 1, 7
1559132956002, 1559132956016, 14, 1, 15
1559132957002, 1559132957016, 14, 1, 15
1559132958002, 1559132958008, 6, 1, 7
1559132959004, 1559132959023, 19, 2, 21
1559132960003, 1559132960017, 14, 1, 15
1559132961002, 1559132961016, 14, 1, 15
1559132962002, 1559132962016, 14, 1, 15
1559132963002, 1559132963009, 7, 1, 8
1559132964002, 1559132964017, 15, 1, 16
1559132965002, 1559132965009, 7, 1, 8
1559132966002, 1559132966010, 8, 1, 9
1559132967002, 1559132967014, 12, 1, 13
1559132968002, 1559132968016, 14, 1, 15
1559132969003, 1559132969014, 11, 1, 12
1559132970002, 1559132970016, 14, 1, 15
1559132971003, 1559132971010, 7, 1, 8
1559132972002, 1559132972017, 15, 1, 16
1559132973002, 1559132973008, 6, 1, 7
1559132974002, 1559132974015, 13, 1, 14
1559132975002, 1559132975015, 13, 1, 14
1559132976002, 1559132976017, 15, 1, 16
1559132977002, 1559132977009, 7, 1, 8
1559132978003, 1559132978019, 16, 1, 17
1559132979002, 1559132979016, 14, 1, 15
1559132980002, 1559132980010, 8, 1, 9
1559132981001, 1559132981005, 4, 0, 4
1559132982001, 1559132982005, 4, 0, 4
1559132983002, 1559132983017, 15, 1, 16
1559132984002, 1559132984015, 13, 1, 14
1559132985002, 1559132985018, 16, 1, 17
1559132986001, 1559132986015, 14, 1, 15
1559132987002, 1559132987015, 13, 1, 14
1559132988002, 1559132988016, 14, 1, 15
1559132989002, 1559132989014, 12, 1, 13
1559132990003, 1559132990016, 13, 1, 14
1559132991002, 1559132991018, 16, 1, 17
1559132992002, 1559132992009, 7, 1, 8
1559132993002, 1559132993009, 7, 1, 8
1559132994002, 1559132994008, 6, 1, 7
1559132995002, 1559132995326, 324, 1, 325
1559132996003, 1559132996011, 8, 1, 9
1559132997002, 1559132997014, 12, 1, 13
1559132998001, 1559132998008, 7, 1, 8
1559132999002, 1559132999013, 11, 1, 12
1559133000002, 1559133000010, 8, 1, 9
1559133001002, 1559133001020, 18, 1, 19
1559133002002, 1559133002010, 8, 1, 9
1559133003003, 1559133003015, 12, 2, 14
1559133004002, 1559133004014, 12, 1, 13
1559133005001, 1559133005006, 5, 0, 5
1559133006001, 1559133006006, 5, 1, 6
1559133007001, 1559133007013, 12, 0, 12
1559133008002, 1559133008011, 9, 1, 10
1559133009002, 1559133009015, 13, 1, 14
1559133010005, 1559133010025, 20, 4, 24
1559133011001, 1559133011006, 5, 1, 6
1559133012002, 1559133012010, 8, 0, 8
1559133013002, 1559133013020, 18, 1, 19
1559133014002, 1559133014038, 36, 1, 37
1559133015001, 1559133015015, 14, 0, 14
1559133016002, 1559133016009, 7, 1, 8
1559133090843, 1559133091202, 359, 68, 427
1559133091207, 1559133091254, 47, 1, 48
1559133092003, 1559133092071, 68, 2, 70
1559133093002, 1559133093090, 88, 2, 90
1559133094004, 1559133094158, 154, 2, 156
1559133095002, 1559133095023, 21, 1, 22
1559133096011, 1559133096107, 96, 8, 104
1559133097005, 1559133097071, 66, 3, 69
1559133098002, 1559133098036, 34, 1, 35
1559133099005, 1559133099060, 55, 3, 58
1559133100003, 1559133100076, 73, 2, 75
1559133101005, 1559133101089, 84, 4, 88
1559133102004, 1559133102050, 46, 2, 48
1559133103006, 1559133103076, 70, 4, 74
1559133104004, 1559133104089, 85, 2, 87
1559133105007, 1559133105086, 79, 3, 82
1559133106004, 1559133106051, 47, 2, 49
1559133107004, 1559133107033, 29, 2, 31
1559133108004, 1559133108029, 25, 2, 27
1559133109004, 1559133109032, 28, 3, 31
1559133110004, 1559133110075, 71, 2, 73
1559133111004, 1559133111028, 24, 2, 26
1559133112004, 1559133112030, 26, 2, 28
1559133113004, 1559133113031, 27, 2, 29
1559133114003, 1559133114025, 22, 2, 24
1559133115004, 1559133115027, 23, 3, 26
1559133116003, 1559133116029, 26, 2, 28
1559133117004, 1559133117026, 22, 2, 24
1559133118004, 1559133118027, 23, 2, 25
1559133119003, 1559133119023, 20, 2, 22
1559133120004, 1559133120022, 18, 2, 20
1559133121004, 1559133121024, 20, 2, 22
1559133122004, 1559133122023, 19, 2, 21
1559133123004, 1559133123021, 17, 2, 19
1559133124003, 1559133124020, 17, 2, 19
1559133125003, 1559133125019, 16, 2, 18
1559133126003, 1559133126019, 16, 2, 18
1559133127003, 1559133127023, 20, 1, 21
1559133128003, 1559133128020, 17, 2, 19
1559133129002, 1559133129089, 87, 1, 88
1559133130003, 1559133130022, 19, 2, 21
1559133131003, 1559133131021, 18, 2, 20
1559133132003, 1559133132024, 21, 2, 23
1559133133003, 1559133133022, 19, 2, 21
1559133134004, 1559133134025, 21, 2, 23
1559133135003, 1559133135019, 16, 2, 18
1559133136003, 1559133136019, 16, 2, 18
1559133137003, 1559133137019, 16, 1, 17
1559133138003, 1559133138017, 14, 2, 16
1559133139003, 1559133139018, 15, 2, 17
1559133140003, 1559133140031, 28, 1, 29
1559133141011, 1559133141055, 44, 9, 53
1559133142004, 1559133142022, 18, 2, 20
1559133143005, 1559133143049, 44, 3, 47
1559133144003, 1559133144017, 14, 2, 16
1559133145002, 1559133145016, 14, 1, 15
1559133146003, 1559133146029, 26, 1, 27
1559133147003, 1559133147022, 19, 2, 21
1559133148003, 1559133148030, 27, 1, 28
1559133149002, 1559133149016, 14, 1, 15
1559133150002, 1559133150006, 4, 1, 5
1559133151001, 1559133151006, 5, 0, 5
1559133152001, 1559133152021, 20, 1, 21
1559133153002, 1559133153007, 5, 1, 6
1559133154001, 1559133154010, 9, 0, 9
1559133155001, 1559133155006, 5, 1, 6
1559133156002, 1559133156011, 9, 1, 10
1559133157003, 1559133157011, 8, 2, 10
1559133158002, 1559133158015, 13, 1, 14
1559133159007, 1559133159026, 19, 5, 24
1559133160003, 1559133160017, 14, 2, 16
1559133161002, 1559133161012, 10, 1, 11
1559133162002, 1559133162016, 14, 1, 15
1559133163003, 1559133163018, 15, 2, 17
1559133164002, 1559133164019, 17, 1, 18
1559133165003, 1559133165021, 18, 2, 20
1559133166003, 1559133166017, 14, 2, 16
1559133167003, 1559133167018, 15, 1, 16
1559133168002, 1559133168025, 23, 1, 24
1559133169003, 1559133169009, 6, 2, 8
1559133170001, 1559133170006, 5, 0, 5
1559133171001, 1559133171007, 6, 0, 6
1559133172001, 1559133172011, 10, 1, 11
1559133173001, 1559133173006, 5, 0, 5
1559133174003, 1559133174015, 12, 2, 14
1559133175003, 1559133175025, 22, 2, 24
1559133176001, 1559133176008, 7, 1, 8
1559133177003, 1559133177018, 15, 2, 17
1559133178002, 1559133178018, 16, 1, 17
1559133179004, 1559133179044, 40, 3, 43
1559133180002, 1559133180016, 14, 1, 15
1559133181002, 1559133181014, 12, 1, 13
1559133182003, 1559133182020, 17, 1, 18
1559133183003, 1559133183017, 14, 2, 16
1559133184001, 1559133184007, 6, 1, 7
1559133185001, 1559133185011, 10, 1, 11
1559133186002, 1559133186011, 9, 1, 10
1559133187002, 1559133187013, 11, 1, 12
1559133188002, 1559133188017, 15, 1, 16
1559133189006, 1559133189075, 69, 0, 69
1559133190002, 1559133190024, 22, 1, 23
1559133191001, 1559133191011, 10, 0, 10
1559133192002, 1559133192022, 20, 1, 21
1559133193002, 1559133193016, 14, 1, 15
1559133194003, 1559133194016, 13, 2, 15
1559133195003, 1559133195020, 17, 2, 19
1559133196002, 1559133196023, 21, 1, 22
1559133197003, 1559133197015, 12, 1, 13
1559133198002, 1559133198017, 15, 1, 16
1559133199002, 1559133199019, 17, 1, 18
1559133200002, 1559133200016, 14, 1, 15
1559133201003, 1559133201020, 17, 1, 18
1559133202003, 1559133202016, 13, 2, 15
1559133203002, 1559133203024, 22, 1, 23
1559133204002, 1559133204016, 14, 1, 15
1559133205002, 1559133205018, 16, 1, 17
1559133206002, 1559133206019, 17, 1, 18
1559133207002, 1559133207018, 16, 1, 17
1559133208004, 1559133208018, 14, 2, 16
1559133209003, 1559133209013, 10, 2, 12
1559133210002, 1559133210024, 22, 1, 23
1559133211002, 1559133211049, 47, 1, 48
1559133212002, 1559133212020, 18, 1, 19
1559133213002, 1559133213015, 13, 1, 14
1559133214003, 1559133214016, 13, 2, 15
1559133215003, 1559133215017, 14, 2, 16
1559133216003, 1559133216024, 21, 1, 22
1559133217004, 1559133217016, 12, 2, 14
1559133218003, 1559133218050, 47, 2, 49
1559133219001, 1559133219013, 12, 0, 12
1559133220002, 1559133220019, 17, 1, 18
1559133221003, 1559133221025, 22, 1, 23
1559133222002, 1559133222024, 22, 1, 23
1559133223002, 1559133223014, 12, 1, 13
1559133224002, 1559133224025, 23, 1, 24
1559133225003, 1559133225016, 13, 1, 14
1559133226002, 1559133226019, 17, 1, 18
1559133227002, 1559133227006, 4, 1, 5
1559133228002, 1559133228018, 16, 1, 17
1559133229002, 1559133229014, 12, 1, 13
1559133230002, 1559133230015, 13, 1, 14
1559133231002, 1559133231016, 14, 1, 15
1559133232002, 1559133232009, 7, 1, 8
1559133233003, 1559133233064, 61, 1, 62
1559133234002, 1559133234010, 8, 1, 9
1559133235002, 1559133235009, 7, 1, 8
1559133236002, 1559133236014, 12, 1, 13
1559133237002, 1559133237016, 14, 1, 15
1559133238002, 1559133238019, 17, 1, 18
1559133239001, 1559133239007, 6, 1, 7
1559133240003, 1559133240015, 12, 1, 13
1559133241002, 1559133241009, 7, 1, 8
1559133242002, 1559133242013, 11, 1, 12
1559133243002, 1559133243015, 13, 1, 14
1559133244003, 1559133244025, 22, 2, 24
1559133245002, 1559133245015, 13, 1, 14
1559133246003, 1559133246015, 12, 1, 13
1559133247002, 1559133247015, 13, 1, 14
1559133248001, 1559133248006, 5, 1, 6
1559133249004, 1559133249010, 6, 3, 9
1559133250001, 1559133250012, 11, 0, 11
1559133251002, 1559133251015, 13, 1, 14
1559133252001, 1559133252007, 6, 0, 6
1559133253002, 1559133253013, 11, 1, 12
1559133254002, 1559133254063, 61, 1, 62
1559133255002, 1559133255015, 13, 1, 14
1559133256002, 1559133256014, 12, 1, 13
1559133257002, 1559133257013, 11, 1, 12
1559133258002, 1559133258016, 14, 1, 15
1559133259002, 1559133259009, 7, 1, 8
1559133260003, 1559133260020, 17, 1, 18
1559133261002, 1559133261019, 17, 1, 18
1559133262002, 1559133262018, 16, 1, 17
1559133263002, 1559133263008, 6, 1, 7
1559133264002, 1559133264011, 9, 1, 10
1559133265002, 1559133265011, 9, 1, 10
1559133266002, 1559133266011, 9, 1, 10
1559133267002, 1559133267015, 13, 1, 14
1559133268000, 1559133268004, 4, 0, 4
1559133269002, 1559133269009, 7, 1, 8
1559133270001, 1559133270013, 12, 1, 13
1559133271003, 1559133271021, 18, 1, 19
1559133272002, 1559133272015, 13, 1, 14
1559133273002, 1559133273015, 13, 1, 14
1559133274001, 1559133274006, 5, 1, 6
1559133275001, 1559133275073, 72, 0, 72
1559133276003, 1559133276016, 13, 2, 15
1559133277001, 1559133277007, 6, 0, 6
1559133278001, 1559133278007, 6, 1, 7
1559133279003, 1559133279016, 13, 2, 15
1559133280002, 1559133280012, 10, 1, 11
1559133281003, 1559133281018, 15, 1, 16
1559133282003, 1559133282014, 11, 1, 12
1559133283002, 1559133283017, 15, 0, 15
1559133284002, 1559133284016, 14, 1, 15
1559133285002, 1559133285013, 11, 1, 12
1559133286001, 1559133286006, 5, 1, 6
1559133287002, 1559133287015, 13, 1, 14
1559133288002, 1559133288012, 10, 1, 11
1559133289002, 1559133289014, 12, 1, 13
1559133290002, 1559133290010, 8, 1, 9
1559133291001, 1559133291015, 14, 0, 14
1559133292002, 1559133292011, 9, 1, 10
1559133293002, 1559133293016, 14, 1, 15
1559133294003, 1559133294018, 15, 1, 16
1559133295002, 1559133295016, 14, 1, 15
1559133296002, 1559133296013, 11, 1, 12
1559133297002, 1559133297015, 13, 1, 14
1559133298001, 1559133298022, 21, 1, 22
1559133299002, 1559133299054, 52, 1, 53
1559133300001, 1559133300013, 12, 0, 12
1559133301001, 1559133301005, 4, 0, 4
1559133302001, 1559133302015, 14, 0, 14
1559133303006, 1559133303053, 47, 5, 52
1559133304001, 1559133304007, 6, 0, 6
1559133305001, 1559133305011, 10, 0, 10
1559133306002, 1559133306013, 11, 1, 12
1559133307002, 1559133307012, 10, 1, 11
1559133308002, 1559133308015, 13, 1, 14
1559133309002, 1559133309015, 13, 1, 14
1559133310004, 1559133310018, 14, 3, 17
1559133311001, 1559133311017, 16, 0, 16
1559133312001, 1559133312013, 12, 1, 13
1559133313001, 1559133313007, 6, 0, 6
1559133314001, 1559133314011, 10, 0, 10
1559133315002, 1559133315020, 18, 1, 19
1559133316002, 1559133316015, 13, 1, 14
1559133317001, 1559133317013, 12, 0, 12
1559133318001, 1559133318005, 4, 0, 4
1559133319002, 1559133319018, 16, 2, 18
1559133320001, 1559133320008, 7, 0, 7
1559133321001, 1559133321012, 11, 1, 12
1559133322002, 1559133322010, 8, 1, 9
1559133323001, 1559133323008, 7, 0, 7
1559133324002, 1559133324015, 13, 1, 14
1559133325002, 1559133325009, 7, 1, 8
1559133326002, 1559133326018, 16, 1, 17
1559133327002, 1559133327016, 14, 1, 15
1559133328002, 1559133328013, 11, 1, 12
1559133329002, 1559133329048, 46, 1, 47
1559133330002, 1559133330017, 15, 1, 16
1559133331001, 1559133331014, 13, 0, 13
1559133332002, 1559133332017, 15, 1, 16
1559133333002, 1559133333016, 14, 1, 15
1559133334002, 1559133334016, 14, 1, 15
1559133335002, 1559133335013, 11, 1, 12
1559133336001, 1559133336013, 12, 0, 12
1559133337002, 1559133337012, 10, 1, 11
1559133338001, 1559133338006, 5, 0, 5
1559133339002, 1559133339013, 11, 1, 12
1559133340002, 1559133340017, 15, 1, 16
1559133341001, 1559133341012, 11, 0, 11
1559133342002, 1559133342014, 12, 1, 13
1559133343001, 1559133343033, 32, 0, 32
1559133344002, 1559133344008, 6, 1, 7
1559133345002, 1559133345060, 58, 1, 59
1559133346001, 1559133346007, 6, 0, 6
1559133347001, 1559133347005, 4, 1, 5
1559133348001, 1559133348016, 15, 0, 15
1559133349001, 1559133349004, 3, 1, 4
1559133350002, 1559133350013, 11, 1, 12
1559133351001, 1559133351018, 17, 1, 18
1559133352002, 1559133352012, 10, 1, 11
1559133353002, 1559133353013, 11, 1, 12
1559133354002, 1559133354015, 13, 1, 14
1559133355002, 1559133355016, 14, 1, 15
1559133356002, 1559133356046, 44, 1, 45
1559133357001, 1559133357005, 4, 1, 5
1559133358002, 1559133358015, 13, 1, 14
1559133359001, 1559133359014, 13, 0, 13
1559133360002, 1559133360014, 12, 1, 13
1559133361002, 1559133361013, 11, 1, 12
1559133362001, 1559133362005, 4, 0, 4
1559133363001, 1559133363005, 4, 1, 5
1559133364002, 1559133364023, 21, 1, 22
1559133365001, 1559133365015, 14, 0, 14
1559133366002, 1559133366016, 14, 1, 15
1559133367002, 1559133367164, 162, 1, 163
1559133368002, 1559133368014, 12, 1, 13
1559133369001, 1559133369012, 11, 0, 11
1559133370001, 1559133370009, 8, 1, 9
1559133371001, 1559133371019, 18, 0, 18
1559133372000, 1559133372012, 12, 0, 12
1559133373001, 1559133373008, 7, 0, 7
1559133374001, 1559133374047, 46, 0, 46
1559133375001, 1559133375005, 4, 1, 5
1559133376000, 1559133376008, 8, 0, 8
1559133377001, 1559133377020, 19, 0, 19
1559133378001, 1559133378013, 12, 0, 12
1559133379001, 1559133379013, 12, 1, 13
1559133380001, 1559133380015, 14, 1, 15
1559133381001, 1559133381050, 49, 1, 50
1559133382002, 1559133382014, 12, 1, 13
1559133383002, 1559133383014, 12, 1, 13
1559133384002, 1559133384075, 73, 1, 74
1559133385001, 1559133385015, 14, 1, 15
1559133386001, 1559133386014, 13, 0, 13
1559133387002, 1559133387015, 13, 1, 14
1559133388002, 1559133388016, 14, 1, 15
1559133389002, 1559133389066, 64, 1, 65
1559133390002, 1559133390123, 121, 1, 122
1559133391001, 1559133391448, 447, 0, 447
1559133392001, 1559133392007, 6, 1, 7
1559133393002, 1559133393010, 8, 1, 9
1559133394002, 1559133394083, 81, 1, 82
1559133395002, 1559133395049, 47, 1, 48
1559133396002, 1559133396013, 11, 1, 12
1559133397002, 1559133397055, 53, 1, 54
1559133398000, 1559133398005, 5, 0, 5
1559133399001, 1559133399022, 21, 1, 22
1559133400001, 1559133400008, 7, 1, 8
1559133401001, 1559133401024, 23, 1, 24
1559133402001, 1559133402013, 12, 1, 13
1559133403001, 1559133403009, 8, 1, 9
1559133404002, 1559133404037, 35, 1, 36
1559133405001, 1559133405009, 8, 0, 8
1559133406001, 1559133406019, 18, 1, 19
1559133407001, 1559133407005, 4, 0, 4
1559133408002, 1559133408013, 11, 1, 12
1559133409002, 1559133409035, 33, 1, 34
1559133410002, 1559133410016, 14, 1, 15
1559133411001, 1559133411013, 12, 0, 12
1559133412002, 1559133412019, 17, 1, 18
1559133413002, 1559133413014, 12, 1, 13
1559133414001, 1559133414009, 8, 1, 9
1559133415002, 1559133415012, 10, 1, 11
1559133416001, 1559133416008, 7, 1, 8
1559133417001, 1559133417010, 9, 0, 9
1559133418002, 1559133418014, 12, 1, 13
1559133419002, 1559133419015, 13, 1, 14
1559133420002, 1559133420011, 9, 1, 10
1559133421001, 1559133421032, 31, 0, 31
1559133422002, 1559133422013, 11, 1, 12
1559133423002, 1559133423014, 12, 1, 13
1559133424002, 1559133424048, 46, 1, 47
1559133425002, 1559133425017, 15, 1, 16
1559133426002, 1559133426012, 10, 1, 11
1559133427001, 1559133427053, 52, 0, 52
1559133428001, 1559133428017, 16, 0, 16
1559133429002, 1559133429015, 13, 1, 14
1559133430001, 1559133430012, 11, 1, 12
1559133431001, 1559133431039, 38, 0, 38
1559133432001, 1559133432028, 27, 1, 28
1559133433002, 1559133433011, 9, 1, 10
1559133434003, 1559133434031, 28, 2, 30
1559133435002, 1559133435044, 42, 1, 43
1559133436001, 1559133436009, 8, 0, 8
1559133437002, 1559133437015, 13, 1, 14
1559133438002, 1559133438014, 12, 1, 13
1559133439002, 1559133439042, 40, 1, 41
1559133440001, 1559133440021, 20, 0, 20
1559133441001, 1559133441013, 12, 0, 12
1559133442001, 1559133442009, 8, 0, 8
1559133443000, 1559133443025, 25, 0, 25
1559133444002, 1559133444014, 12, 1, 13
1559133445002, 1559133445013, 11, 1, 12
1559133446001, 1559133446009, 8, 0, 8
1559133447001, 1559133447017, 16, 0, 16
1559133448002, 1559133448022, 20, 1, 21
1559133449003, 1559133449019, 16, 2, 18
1559133450001, 1559133450006, 5, 1, 6
1559133451002, 1559133451013, 11, 1, 12
1559133452002, 1559133452061, 59, 1, 60
1559133453001, 1559133453006, 5, 0, 5
1559133454001, 1559133454004, 3, 1, 4
1559133459297, 1559133459593, 296, 61, 357
1559133460005, 1559133460049, 44, 3, 47
1559133461002, 1559133461052, 50, 1, 51
1559133462002, 1559133462039, 37, 1, 38
1559133463002, 1559133463081, 79, 1, 80
1559133464002, 1559133464019, 17, 1, 18
1559133465002, 1559133465050, 48, 1, 49
1559133466004, 1559133466057, 53, 3, 56
1559133467004, 1559133467056, 52, 3, 55
1559133468002, 1559133468021, 19, 1, 20
1559133469004, 1559133469029, 25, 2, 27
1559133470004, 1559133470039, 35, 2, 37
1559133471002, 1559133471027, 25, 1, 26
1559133472005, 1559133472054, 49, 3, 52
1559133473005, 1559133473060, 55, 3, 58
1559133474007, 1559133474031, 24, 3, 27
1559133475004, 1559133475035, 31, 2, 33
1559133476004, 1559133476037, 33, 2, 35
1559133477004, 1559133477034, 30, 2, 32
1559133478004, 1559133478032, 28, 2, 30
1559133479004, 1559133479040, 36, 2, 38
1559133480004, 1559133480033, 29, 2, 31
1559133481006, 1559133481027, 21, 4, 25
1559133482002, 1559133482019, 17, 1, 18
1559133483003, 1559133483030, 27, 2, 29
1559133484003, 1559133484033, 30, 2, 32
1559133485003, 1559133485025, 22, 1, 23
1559133486002, 1559133486010, 8, 1, 9
1559133487004, 1559133487031, 27, 2, 29
1559133488003, 1559133488011, 8, 2, 10
1559133489003, 1559133489022, 19, 2, 21
1559133490003, 1559133490019, 16, 2, 18
1559133491004, 1559133491023, 19, 2, 21
1559133492003, 1559133492012, 9, 2, 11
1559133493003, 1559133493021, 18, 2, 20
1559133494003, 1559133494011, 8, 2, 10
1559133495004, 1559133495028, 24, 2, 26
1559133496003, 1559133496011, 8, 2, 10
1559133497003, 1559133497012, 9, 1, 10
1559133498003, 1559133498023, 20, 1, 21
1559133499003, 1559133499011, 8, 2, 10
1559133500003, 1559133500011, 8, 2, 10
1559133501004, 1559133501011, 7, 2, 9
1559133502004, 1559133502012, 8, 2, 10
1559133503003, 1559133503013, 10, 1, 11
1559133504003, 1559133504011, 8, 2, 10
1559133505003, 1559133505010, 7, 2, 9
1559133506003, 1559133506013, 10, 2, 12
1559133507003, 1559133507010, 7, 2, 9
1559133508004, 1559133508022, 18, 2, 20
1559133509003, 1559133509012, 9, 2, 11
1559133510003, 1559133510030, 27, 2, 29
1559133511003, 1559133511023, 20, 2, 22
1559133512003, 1559133512026, 23, 1, 24
1559133513003, 1559133513013, 10, 2, 12
1559133514002, 1559133514018, 16, 1, 17
1559133515003, 1559133515010, 7, 2, 9
1559133516002, 1559133516018, 16, 1, 17
1559133517003, 1559133517012, 9, 1, 10
1559133518003, 1559133518030, 27, 2, 29
1559133519002, 1559133519010, 8, 1, 9
1559133520003, 1559133520023, 20, 2, 22
1559133521002, 1559133521010, 8, 1, 9
1559133522004, 1559133522031, 27, 2, 29
1559133523003, 1559133523013, 10, 1, 11
1559133524003, 1559133524012, 9, 2, 11
1559133525002, 1559133525010, 8, 1, 9
1559133526003, 1559133526024, 21, 1, 22
1559133527003, 1559133527012, 9, 2, 11
1559133528003, 1559133528021, 18, 2, 20
1559133529003, 1559133529011, 8, 1, 9
1559133530003, 1559133530022, 19, 2, 21
1559133531002, 1559133531010, 8, 1, 9
1559133532003, 1559133532017, 14, 1, 15
1559133533003, 1559133533010, 7, 2, 9
1559133534003, 1559133534010, 7, 1, 8
1559133535003, 1559133535010, 7, 2, 9
1559133536002, 1559133536010, 8, 1, 9
1559133537003, 1559133537011, 8, 2, 10
1559133538002, 1559133538010, 8, 1, 9
1559133539003, 1559133539011, 8, 1, 9
1559133540003, 1559133540011, 8, 1, 9
1559133541003, 1559133541017, 14, 2, 16
1559133542002, 1559133542011, 9, 1, 10
1559133543003, 1559133543068, 65, 1, 66
1559133544003, 1559133544012, 9, 1, 10
1559133545003, 1559133545024, 21, 2, 23
1559133546002, 1559133546010, 8, 1, 9
1559133547003, 1559133547017, 14, 2, 16
1559133548002, 1559133548011, 9, 1, 10
1559133549003, 1559133549017, 14, 1, 15
1559133550002, 1559133550011, 9, 1, 10
1559133551003, 1559133551011, 8, 1, 9
1559133552002, 1559133552011, 9, 1, 10
1559133553002, 1559133553016, 14, 1, 15
1559133554002, 1559133554009, 7, 1, 8
1559133555003, 1559133555021, 18, 1, 19
1559133556003, 1559133556010, 7, 1, 8
1559133557002, 1559133557017, 15, 1, 16
1559133558003, 1559133558012, 9, 1, 10
1559133559002, 1559133559020, 18, 1, 19
1559133560003, 1559133560009, 6, 2, 8
1559133561003, 1559133561018, 15, 2, 17
1559133562003, 1559133562011, 8, 1, 9
1559133563002, 1559133563015, 13, 1, 14
1559133564003, 1559133564012, 9, 1, 10
1559133565002, 1559133565012, 10, 1, 11
1559133566003, 1559133566010, 7, 1, 8
1559133567002, 1559133567048, 46, 1, 47
1559133568002, 1559133568011, 9, 1, 10
1559133569003, 1559133569011, 8, 1, 9
1559133570002, 1559133570009, 7, 1, 8
1559133571002, 1559133571009, 7, 1, 8
1559133572002, 1559133572014, 12, 1, 13
1559133573002, 1559133573010, 8, 1, 9
1559133574003, 1559133574014, 11, 1, 12
1559133575002, 1559133575009, 7, 1, 8
1559133576002, 1559133576019, 17, 1, 18
1559133577003, 1559133577014, 11, 2, 13
1559133578002, 1559133578036, 34, 1, 35
1559133579002, 1559133579009, 7, 1, 8
1559133580003, 1559133580019, 16, 1, 17
1559133581003, 1559133581011, 8, 1, 9
1559133582002, 1559133582021, 19, 1, 20
1559133583002, 1559133583010, 8, 1, 9
1559133584003, 1559133584011, 8, 1, 9
1559133585003, 1559133585009, 6, 1, 7
1559133586004, 1559133586018, 14, 2, 16
1559133587003, 1559133587009, 6, 1, 7
1559133588002, 1559133588018, 16, 1, 17
1559133589002, 1559133589009, 7, 1, 8
1559133590002, 1559133590053, 51, 1, 52
1559133591002, 1559133591011, 9, 1, 10
1559133592002, 1559133592016, 14, 1, 15
1559133593003, 1559133593009, 6, 2, 8
1559133594002, 1559133594010, 8, 1, 9
1559133595003, 1559133595010, 7, 2, 9
1559133596002, 1559133596014, 12, 1, 13
1559133597002, 1559133597010, 8, 1, 9
1559133598002, 1559133598008, 6, 1, 7
1559133599002, 1559133599009, 7, 1, 8
1559133600003, 1559133600010, 7, 1, 8
1559133601002, 1559133601009, 7, 1, 8
1559133602002, 1559133602014, 12, 1, 13
1559133603002, 1559133603008, 6, 1, 7
1559133604002, 1559133604010, 8, 1, 9
1559133605002, 1559133605015, 13, 1, 14
1559133606002, 1559133606010, 8, 1, 9
1559133607002, 1559133607013, 11, 1, 12
1559133608002, 1559133608008, 6, 1, 7
1559133609003, 1559133609022, 19, 1, 20
1559133610002, 1559133610009, 7, 1, 8
1559133611002, 1559133611015, 13, 1, 14
1559133612003, 1559133612010, 7, 2, 9
1559133613002, 1559133613055, 53, 1, 54
1559133614002, 1559133614010, 8, 1, 9
1559133615002, 1559133615013, 11, 1, 12
1559133616002, 1559133616009, 7, 1, 8
1559133617002, 1559133617015, 13, 1, 14
1559133618002, 1559133618026, 24, 1, 25
1559133619002, 1559133619013, 11, 1, 12
1559133620002, 1559133620017, 15, 1, 16
1559133621002, 1559133621013, 11, 1, 12
1559133622002, 1559133622009, 7, 1, 8
1559133623002, 1559133623015, 13, 1, 14
1559133624002, 1559133624009, 7, 1, 8
1559133625002, 1559133625016, 14, 1, 15
1559133626002, 1559133626010, 8, 1, 9
1559133627002, 1559133627017, 15, 1, 16
1559133628002, 1559133628010, 8, 1, 9
1559133629003, 1559133629016, 13, 1, 14
1559133630002, 1559133630010, 8, 1, 9
1559133631002, 1559133631011, 9, 1, 10
1559133632002, 1559133632010, 8, 1, 9
1559133633002, 1559133633015, 13, 1, 14
1559133634002, 1559133634037, 35, 1, 36
1559133635002, 1559133635009, 7, 1, 8
1559133636002, 1559133636009, 7, 1, 8
1559133637002, 1559133637010, 8, 1, 9
1559133638002, 1559133638010, 8, 1, 9
1559133639002, 1559133639009, 7, 1, 8
1559133640003, 1559133640009, 6, 1, 7
1559133641002, 1559133641010, 8, 1, 9
1559133642002, 1559133642016, 14, 0, 14
1559133643002, 1559133643008, 6, 1, 7
1559133644002, 1559133644015, 13, 1, 14
1559133645002, 1559133645010, 8, 1, 9
1559133646002, 1559133646016, 14, 1, 15
1559133647001, 1559133647004, 3, 1, 4
1559133648002, 1559133648015, 13, 1, 14
1559133649001, 1559133649009, 8, 0, 8
1559133650003, 1559133650028, 25, 2, 27
1559133651002, 1559133651008, 6, 1, 7
1559133652002, 1559133652017, 15, 1, 16
1559133653002, 1559133653009, 7, 1, 8
1559133654002, 1559133654015, 13, 1, 14
1559133655002, 1559133655319, 317, 1, 318
1559133656002, 1559133656019, 17, 1, 18
1559133657002, 1559133657009, 7, 1, 8
1559133658002, 1559133658016, 14, 1, 15
1559133659002, 1559133659011, 9, 1, 10
1559133660002, 1559133660010, 8, 1, 9
1559133661002, 1559133661009, 7, 1, 8
1559133662001, 1559133662008, 7, 0, 7
1559133663002, 1559133663009, 7, 1, 8
1559133664002, 1559133664014, 12, 1, 13
1559133665002, 1559133665009, 7, 1, 8
1559133666001, 1559133666014, 13, 0, 13
1559133667002, 1559133667010, 8, 1, 9
1559133668002, 1559133668014, 12, 1, 13
1559133669002, 1559133669014, 12, 1, 13
1559133670001, 1559133670011, 10, 0, 10
1559133671002, 1559133671008, 6, 1, 7
1559133672002, 1559133672011, 9, 1, 10
1559133673003, 1559133673009, 6, 1, 7
1559133674002, 1559133674033, 31, 1, 32
1559133675002, 1559133675014, 12, 1, 13
1559133676002, 1559133676009, 7, 1, 8
1559133677002, 1559133677014, 12, 1, 13
1559133678002, 1559133678010, 8, 1, 9
1559133679002, 1559133679014, 12, 1, 13
1559133680002, 1559133680012, 10, 1, 11
1559133681002, 1559133681013, 11, 1, 12
1559133682002, 1559133682010, 8, 1, 9
1559133683002, 1559133683015, 13, 1, 14
1559133684003, 1559133684010, 7, 1, 8
1559133685002, 1559133685017, 15, 1, 16
1559133686002, 1559133686011, 9, 1, 10
1559133687002, 1559133687016, 14, 1, 15
1559133688002, 1559133688009, 7, 1, 8
1559133689002, 1559133689010, 8, 1, 9
1559133690002, 1559133690009, 7, 1, 8
1559133691002, 1559133691014, 12, 1, 13
1559133692002, 1559133692010, 8, 1, 9
1559133693001, 1559133693058, 57, 0, 57
1559133694002, 1559133694009, 7, 1, 8
1559133695002, 1559133695013, 11, 1, 12
1559133696001, 1559133696009, 8, 0, 8
1559133697002, 1559133697014, 12, 1, 13
1559133698002, 1559133698009, 7, 1, 8
1559133699002, 1559133699015, 13, 1, 14
1559133700002, 1559133700008, 6, 1, 7
1559133701002, 1559133701018, 16, 1, 17
1559133702002, 1559133702011, 9, 1, 10
1559133703002, 1559133703014, 12, 1, 13
1559133704002, 1559133704009, 7, 1, 8
1559133705001, 1559133705009, 8, 1, 9
1559133706002, 1559133706013, 11, 1, 12
1559133707002, 1559133707009, 7, 1, 8
1559133708002, 1559133708010, 8, 1, 9
1559133709001, 1559133709009, 8, 0, 8
1559133710002, 1559133710017, 15, 1, 16
1559133711002, 1559133711009, 7, 1, 8
1559133712002, 1559133712035, 33, 1, 34
1559133713003, 1559133713009, 6, 1, 7
1559133714004, 1559133714018, 14, 2, 16
1559133715002, 1559133715010, 8, 1, 9
1559133716002, 1559133716010, 8, 1, 9
1559133717002, 1559133717009, 7, 1, 8
1559133718002, 1559133718009, 7, 1, 8
1559133719002, 1559133719008, 6, 1, 7
1559133720001, 1559133720013, 12, 1, 13
1559133721002, 1559133721008, 6, 1, 7
1559133722002, 1559133722014, 12, 1, 13
1559133723002, 1559133723036, 34, 1, 35
1559133724002, 1559133724009, 7, 1, 8
1559133725001, 1559133725011, 10, 0, 10
1559133726002, 1559133726009, 7, 1, 8
1559133727002, 1559133727010, 8, 1, 9
1559133728002, 1559133728017, 15, 1, 16
1559133729002, 1559133729009, 7, 1, 8
1559133730002, 1559133730014, 12, 1, 13
1559133731002, 1559133731042, 40, 1, 41
1559133732002, 1559133732014, 12, 1, 13
1559133733002, 1559133733013, 11, 1, 12
1559133734001, 1559133734009, 8, 0, 8
1559133735002, 1559133735009, 7, 1, 8
1559133736002, 1559133736009, 7, 1, 8
1559133737002, 1559133737010, 8, 1, 9
1559133738002, 1559133738010, 8, 1, 9
1559133739001, 1559133739009, 8, 0, 8
1559133740002, 1559133740011, 9, 1, 10
1559133741002, 1559133741014, 12, 1, 13
1559133742002, 1559133742011, 9, 1, 10
1559133743001, 1559133743013, 12, 0, 12
1559133744002, 1559133744009, 7, 1, 8
1559133745002, 1559133745013, 11, 1, 12
1559133746002, 1559133746010, 8, 1, 9
1559133747002, 1559133747013, 11, 1, 12
1559133748001, 1559133748008, 7, 0, 7
1559133749002, 1559133749012, 10, 1, 11
1559133750002, 1559133750008, 6, 1, 7
1559133751002, 1559133751014, 12, 1, 13
1559133752002, 1559133752009, 7, 1, 8
1559133753002, 1559133753015, 13, 1, 14
1559133754001, 1559133754009, 8, 0, 8
1559133755002, 1559133755013, 11, 1, 12
1559133756002, 1559133756012, 10, 1, 11
1559133757002, 1559133757014, 12, 1, 13
1559133758001, 1559133758008, 7, 1, 8
1559133759002, 1559133759010, 8, 1, 9
1559133760002, 1559133760008, 6, 1, 7
1559133761002, 1559133761013, 11, 1, 12
1559133762002, 1559133762012, 10, 1, 11
1559133763002, 1559133763009, 7, 1, 8
1559133764001, 1559133764049, 48, 0, 48
1559133765002, 1559133765014, 12, 1, 13
1559133766002, 1559133766009, 7, 1, 8
1559133767002, 1559133767012, 10, 1, 11
1559133768002, 1559133768009, 7, 1, 8
1559133769001, 1559133769014, 13, 1, 14
1559133770002, 1559133770008, 6, 1, 7
1559133771002, 1559133771012, 10, 1, 11
1559133772001, 1559133772005, 4, 1, 5
1559133773001, 1559133773008, 7, 0, 7
1559133774002, 1559133774008, 6, 1, 7
1559133775002, 1559133775009, 7, 1, 8
1559133776002, 1559133776009, 7, 1, 8
1559133777002, 1559133777048, 46, 1, 47
1559133778002, 1559133778009, 7, 1, 8
1559133779002, 1559133779008, 6, 1, 7
1559133780002, 1559133780013, 11, 1, 12
1559133781002, 1559133781012, 10, 1, 11
1559133782001, 1559133782013, 12, 1, 13
1559133783001, 1559133783008, 7, 0, 7
1559133784002, 1559133784012, 10, 1, 11
1559133785002, 1559133785008, 6, 1, 7
1559133786002, 1559133786014, 12, 1, 13
1559133787002, 1559133787009, 7, 1, 8
1559133788002, 1559133788014, 12, 1, 13
1559133789001, 1559133789009, 8, 1, 9
1559133790001, 1559133790072, 71, 0, 71
1559133791001, 1559133791009, 8, 0, 8
1559133792002, 1559133792016, 14, 1, 15
1559133793002, 1559133793009, 7, 1, 8
1559133794002, 1559133794015, 13, 1, 14
1559133795001, 1559133795009, 8, 0, 8
1559133796002, 1559133796015, 13, 1, 14
1559133797002, 1559133797008, 6, 1, 7
1559133798002, 1559133798009, 7, 1, 8
1559133799002, 1559133799061, 59, 1, 60
1559133800002, 1559133800015, 13, 1, 14
1559133801002, 1559133801010, 8, 0, 8
1559133802002, 1559133802014, 12, 1, 13
1559133803002, 1559133803013, 11, 1, 12
1559133804002, 1559133804010, 8, 1, 9
1559133805002, 1559133805009, 7, 1, 8
1559133806002, 1559133806010, 8, 1, 9
1559133807001, 1559133807009, 8, 1, 9
1559133808001, 1559133808008, 7, 0, 7
1559133809001, 1559133809067, 66, 0, 66
1559133810002, 1559133810009, 7, 1, 8
1559133811002, 1559133811014, 12, 1, 13
1559133812002, 1559133812009, 7, 1, 8
1559133813002, 1559133813010, 8, 1, 9
1559133814002, 1559133814010, 8, 1, 9
1559133815001, 1559133815072, 71, 1, 72
1559133816001, 1559133816008, 7, 1, 8
1559133817001, 1559133817012, 11, 0, 11
1559133818001, 1559133818009, 8, 0, 8
1559133819001, 1559133819013, 12, 0, 12
1559133820002, 1559133820009, 7, 1, 8
1559133821002, 1559133821014, 12, 1, 13
1559133822002, 1559133822009, 7, 1, 8
1559133823002, 1559133823019, 17, 1, 18
1559133824001, 1559133824004, 3, 1, 4
1559133825002, 1559133825014, 12, 1, 13
1559133826002, 1559133826071, 69, 1, 70
1559133827001, 1559133827012, 11, 1, 12
1559133828001, 1559133828012, 11, 0, 11
1559133829002, 1559133829016, 14, 1, 15
1559133830002, 1559133830010, 8, 1, 9
1559133831002, 1559133831082, 80, 1, 81
1559133832002, 1559133832010, 8, 1, 9
1559133833002, 1559133833014, 12, 1, 13
1559133834002, 1559133834009, 7, 1, 8
1559133835002, 1559133835013, 11, 1, 12
1559133836001, 1559133836091, 90, 1, 91
1559133837001, 1559133837012, 11, 0, 11
1559133838001, 1559133838012, 11, 0, 11
1559133839002, 1559133839015, 13, 1, 14
1559133840002, 1559133840008, 6, 1, 7
1559133841001, 1559133841014, 13, 0, 13
1559133842002, 1559133842049, 47, 1, 48
1559133843002, 1559133843009, 7, 1, 8
1559133844002, 1559133844013, 11, 1, 12
1559133845002, 1559133845009, 7, 1, 8
1559133846002, 1559133846009, 7, 1, 8
1559133847002, 1559133847009, 7, 1, 8
1559133848002, 1559133848070, 68, 1, 69
1559133849002, 1559133849009, 7, 1, 8
1559133850001, 1559133850010, 9, 0, 9
1559133851002, 1559133851009, 7, 1, 8
1559133852002, 1559133852014, 12, 1, 13
1559133853002, 1559133853009, 7, 1, 8
1559133854002, 1559133854069, 67, 1, 68
1559133855002, 1559133855009, 7, 1, 8
1559133856002, 1559133856015, 13, 1, 14
1559133857002, 1559133857015, 13, 1, 14
1559133858002, 1559133858015, 13, 1, 14
1559133859002, 1559133859009, 7, 1, 8
1559133860002, 1559133860014, 12, 1, 13
1559133861002, 1559133861009, 7, 1, 8
1559133862002, 1559133862009, 7, 1, 8
1559133863002, 1559133863010, 8, 1, 9
1559133864002, 1559133864014, 12, 1, 13
1559133865002, 1559133865008, 6, 1, 7
1559133866002, 1559133866014, 12, 1, 13
1559133867001, 1559133867010, 9, 0, 9
1559133868002, 1559133868015, 13, 1, 14
1559133869002, 1559133869008, 6, 1, 7
1559133870002, 1559133870009, 7, 1, 8
1559133871002, 1559133871009, 7, 1, 8
1559133872002, 1559133872012, 10, 1, 11
1559133873002, 1559133873010, 8, 1, 9
1559133874002, 1559133874009, 7, 1, 8
1559133875002, 1559133875008, 6, 1, 7
1559133876002, 1559133876009, 7, 1, 8
1559133877002, 1559133877041, 39, 1, 40
1559133878002, 1559133878009, 7, 1, 8
1559133879002, 1559133879012, 10, 1, 11
1559133880002, 1559133880009, 7, 1, 8
1559133881001, 1559133881012, 11, 0, 11
1559133882001, 1559133882008, 7, 0, 7
1559133883001, 1559133883015, 14, 0, 14
1559133884002, 1559133884010, 8, 1, 9
1559133885001, 1559133885061, 60, 0, 60
1559133886001, 1559133886009, 8, 0, 8
1559133887001, 1559133887014, 13, 0, 13
1559133888001, 1559133888008, 7, 1, 8
1559133889001, 1559133889015, 14, 1, 15
1559133890001, 1559133890009, 8, 1, 9
1559133891002, 1559133891015, 13, 1, 14
1559133892002, 1559133892015, 13, 1, 14
1559133893002, 1559133893015, 13, 1, 14
1559133894002, 1559133894043, 41, 1, 42
1559133895002, 1559133895015, 13, 1, 14
1559133896002, 1559133896009, 7, 1, 8
1559133897002, 1559133897013, 11, 1, 12
1559133898002, 1559133898011, 9, 1, 10
1559133899002, 1559133899015, 13, 1, 14
1559133900002, 1559133900009, 7, 1, 8
1559133901002, 1559133901015, 13, 1, 14
1559133902002, 1559133902014, 12, 1, 13
1559133903002, 1559133903058, 56, 1, 57
1559133904002, 1559133904009, 7, 1, 8
1559133905002, 1559133905013, 11, 1, 12
1559133906002, 1559133906009, 7, 1, 8
1559133907002, 1559133907010, 8, 1, 9
1559133908002, 1559133908009, 7, 1, 8
1559133909002, 1559133909009, 7, 1, 8
1559133910002, 1559133910010, 8, 1, 9
1559133911002, 1559133911011, 9, 1, 10
1559133912002, 1559133912039, 37, 1, 38
1559133913002, 1559133913008, 6, 1, 7
1559133914002, 1559133914012, 10, 1, 11
1559133915002, 1559133915010, 8, 1, 9
1559133916002, 1559133916015, 13, 1, 14
1559133917001, 1559133917009, 8, 1, 9
1559133918001, 1559133918013, 12, 0, 12
1559133919001, 1559133919004, 3, 1, 4
1559133920002, 1559133920013, 11, 1, 12
1559133921002, 1559133921014, 12, 1, 13
1559133922002, 1559133922062, 60, 1, 61
1559133923002, 1559133923011, 9, 1, 10
1559133924002, 1559133924012, 10, 1, 11
1559133925002, 1559133925010, 8, 1, 9
1559133926002, 1559133926013, 11, 1, 12
1559133927002, 1559133927009, 7, 1, 8
1559133928002, 1559133928016, 14, 1, 15
1559133929002, 1559133929008, 6, 1, 7
1559133930001, 1559133930013, 12, 0, 12
1559133931001, 1559133931009, 8, 0, 8
1559133932001, 1559133932013, 12, 0, 12
1559133933001, 1559133933039, 38, 1, 39
1559133934001, 1559133934015, 14, 1, 15
1559133935001, 1559133935010, 9, 1, 10
1559133936001, 1559133936014, 13, 1, 14
1559133937001, 1559133937008, 7, 1, 8
1559133938001, 1559133938008, 7, 1, 8
1559133939002, 1559133939008, 6, 1, 7
1559133940002, 1559133940012, 10, 1, 11
1559133941002, 1559133941012, 10, 1, 11
1559133942002, 1559133942020, 18, 1, 19
1559133943002, 1559133943041, 39, 1, 40
1559133944001, 1559133944009, 8, 0, 8
1559133945002, 1559133945009, 7, 1, 8
1559133946002, 1559133946009, 7, 1, 8
1559133947002, 1559133947010, 8, 1, 9
1559133948002, 1559133948009, 7, 1, 8
1559133949001, 1559133949013, 12, 0, 12
1559133950001, 1559133950008, 7, 0, 7
1559133951001, 1559133951011, 10, 0, 10
1559133952001, 1559133952009, 8, 0, 8
1559133953001, 1559133953012, 11, 0, 11
1559133954001, 1559133954008, 7, 0, 7
1559133955001, 1559133955068, 67, 1, 68
1559133956001, 1559133956009, 8, 0, 8
1559133957001, 1559133957015, 14, 1, 15
1559133958001, 1559133958008, 7, 1, 8
1559133959001, 1559133959010, 9, 1, 10
1559133960001, 1559133960009, 8, 1, 9
1559133961001, 1559133961014, 13, 1, 14
1559133962001, 1559133962011, 10, 1, 11
1559133963001, 1559133963012, 11, 1, 12
1559133964001, 1559133964008, 7, 1, 8
1559133965001, 1559133965016, 15, 1, 16
1559133966001, 1559133966057, 56, 1, 57
1559133967001, 1559133967015, 14, 0, 14
1559133968001, 1559133968009, 8, 0, 8
1559133969001, 1559133969009, 8, 0, 8
1559133970003, 1559133970010, 7, 2, 9
1559133971002, 1559133971016, 14, 1, 15
1559133972001, 1559133972008, 7, 1, 8
1559133973001, 1559133973011, 10, 1, 11
1559133974001, 1559133974009, 8, 1, 9
1559133975002, 1559133975013, 11, 1, 12
1559133976002, 1559133976009, 7, 1, 8
1559133977001, 1559133977008, 7, 0, 7
1559133978001, 1559133978044, 43, 0, 43
1559133979001, 1559133979008, 7, 1, 8
1559133980001, 1559133980013, 12, 1, 13
1559133981001, 1559133981009, 8, 1, 9
1559133982002, 1559133982013, 11, 1, 12
1559133983002, 1559133983009, 7, 1, 8
1559133984001, 1559133984008, 7, 0, 7
1559133985001, 1559133985009, 8, 0, 8
1559133986001, 1559133986013, 12, 0, 12
1559133987001, 1559133987009, 8, 0, 8
1559133988001, 1559133988009, 8, 1, 9
1559133989001, 1559133989007, 6, 1, 7
1559133990001, 1559133990946, 945, 1, 946
1559133991002, 1559133991012, 10, 1, 11
1559133992002, 1559133992013, 11, 1, 12
1559133993001, 1559133993009, 8, 0, 8
1559133994002, 1559133994015, 13, 1, 14
1559133995002, 1559133995009, 7, 1, 8
1559133996001, 1559133996014, 13, 0, 13
1559133997001, 1559133997009, 8, 1, 9
1559133998001, 1559133998015, 14, 1, 15
1559133999001, 1559133999009, 8, 1, 9
1559134000001, 1559134000018, 17, 1, 18
1559134001001, 1559134001008, 7, 1, 8
1559134002001, 1559134002079, 78, 1, 79
1559134003002, 1559134003009, 7, 1, 8
1559134004001, 1559134004013, 12, 1, 13
1559134005002, 1559134005010, 8, 1, 9
1559134006002, 1559134006014, 12, 1, 13
1559134007002, 1559134007009, 7, 1, 8
1559134008001, 1559134008009, 8, 0, 8
1559134009001, 1559134009008, 7, 0, 7
1559134010001, 1559134010012, 11, 1, 12
1559134011001, 1559134011008, 7, 1, 8
1559134012001, 1559134012008, 7, 1, 8
1559134013002, 1559134013013, 11, 1, 12
1559134014002, 1559134014009, 7, 1, 8
1559134015002, 1559134015048, 46, 1, 47
1559134016002, 1559134016009, 7, 1, 8
1559134017001, 1559134017005, 4, 0, 4
1559134018000, 1559134018007, 7, 0, 7
1559134019001, 1559134019013, 12, 0, 12
1559134020001, 1559134020005, 4, 1, 5
1559134021002, 1559134021013, 11, 1, 12
1559134022002, 1559134022008, 6, 1, 7
1559134023002, 1559134023014, 12, 1, 13
1559134024001, 1559134024007, 6, 0, 6
1559134025001, 1559134025009, 8, 0, 8
1559134026001, 1559134026009, 8, 0, 8
1559134027001, 1559134027013, 12, 0, 12
1559134028001, 1559134028045, 44, 1, 45
1559134029001, 1559134029014, 13, 0, 13
1559134030002, 1559134030010, 8, 1, 9
1559134031001, 1559134031012, 11, 0, 11
1559134032001, 1559134032009, 8, 0, 8
1559134033001, 1559134033014, 13, 0, 13
1559134034001, 1559134034009, 8, 0, 8
1559134035001, 1559134035012, 11, 1, 12
1559134036001, 1559134036009, 8, 1, 9
1559134037002, 1559134037013, 11, 1, 12
1559134038001, 1559134038009, 8, 0, 8
1559134039001, 1559134039012, 11, 0, 11
1559134040001, 1559134040012, 11, 0, 11
1559134041001, 1559134041009, 8, 1, 9
1559134042001, 1559134042048, 47, 1, 48
1559134043001, 1559134043014, 13, 1, 14
1559134044001, 1559134044008, 7, 0, 7
1559134045001, 1559134045009, 8, 0, 8
1559134046001, 1559134046013, 12, 0, 12
1559134047001, 1559134047008, 7, 0, 7
1559134048001, 1559134048014, 13, 1, 14
1559134049001, 1559134049008, 7, 1, 8
1559134050002, 1559134050012, 10, 1, 11
1559134051001, 1559134051012, 11, 0, 11
1559134052001, 1559134052014, 13, 0, 13
1559134053001, 1559134053008, 7, 1, 8
1559134054001, 1559134054014, 13, 1, 14
1559134055001, 1559134055008, 7, 0, 7
1559134056002, 1559134056075, 73, 1, 74
1559134057001, 1559134057008, 7, 0, 7
1559134058001, 1559134058014, 13, 0, 13
1559134059001, 1559134059008, 7, 0, 7
1559134060001, 1559134060013, 12, 0, 12
1559134061001, 1559134061014, 13, 1, 14
1559134062001, 1559134062009, 8, 1, 9
1559134063002, 1559134063009, 7, 1, 8
1559134064001, 1559134064013, 12, 0, 12
1559134065001, 1559134065008, 7, 0, 7
1559134066001, 1559134066013, 12, 0, 12
1559134067001, 1559134067010, 9, 0, 9
1559134068001, 1559134068011, 10, 1, 11
1559134069001, 1559134069008, 7, 1, 8
1559134070001, 1559134070075, 74, 1, 75
1559134071002, 1559134071009, 7, 1, 8
1559134072001, 1559134072014, 13, 0, 13
1559134073001, 1559134073008, 7, 0, 7
1559134074001, 1559134074012, 11, 0, 11
1559134075001, 1559134075008, 7, 0, 7
1559134076001, 1559134076008, 7, 1, 8
1559134077001, 1559134077008, 7, 1, 8
1559134078002, 1559134078018, 16, 1, 17
1559134079001, 1559134079009, 8, 0, 8
1559134080001, 1559134080013, 12, 0, 12
1559134081001, 1559134081008, 7, 0, 7
1559134082001, 1559134082008, 7, 1, 8
1559134083001, 1559134083008, 7, 1, 8
1559134084001, 1559134084092, 91, 1, 92
1559134085001, 1559134085010, 9, 1, 10
1559134086001, 1559134086015, 14, 0, 14
1559134087001, 1559134087013, 12, 0, 12
1559134088001, 1559134088008, 7, 0, 7
1559134089001, 1559134089008, 7, 0, 7
1559134090001, 1559134090009, 8, 1, 9
1559134091001, 1559134091011, 10, 1, 11
1559134092001, 1559134092009, 8, 1, 9
1559134093002, 1559134093014, 12, 1, 13
1559134094002, 1559134094009, 7, 1, 8
1559134095002, 1559134095013, 11, 1, 12
1559134096001, 1559134096007, 6, 0, 6
1559134097001, 1559134097013, 12, 0, 12
1559134098001, 1559134098054, 53, 0, 53
1559134099001, 1559134099013, 12, 0, 12
1559134100001, 1559134100013, 12, 0, 12
1559134101001, 1559134101015, 14, 0, 14
1559134102001, 1559134102009, 8, 0, 8
1559134103001, 1559134103014, 13, 1, 14
1559134104001, 1559134104008, 7, 1, 8
1559134105001, 1559134105014, 13, 0, 13
1559134106001, 1559134106009, 8, 0, 8
1559134107001, 1559134107014, 13, 1, 14
1559134108001, 1559134108008, 7, 1, 8
1559134109002, 1559134109013, 11, 1, 12
1559134110001, 1559134110009, 8, 0, 8
1559134111001, 1559134111013, 12, 0, 12
1559134112001, 1559134112008, 7, 0, 7
1559134113001, 1559134113014, 13, 1, 14
1559134114002, 1559134114015, 13, 1, 14
1559134115001, 1559134115010, 9, 0, 9
1559134116001, 1559134116009, 8, 0, 8
1559134117001, 1559134117012, 11, 1, 12
1559134118002, 1559134118008, 6, 1, 7
1559134119001, 1559134119011, 10, 0, 10
1559134120001, 1559134120012, 11, 0, 11
1559134121001, 1559134121007, 6, 1, 7
1559134122002, 1559134122013, 11, 1, 12
1559134123001, 1559134123008, 7, 0, 7
1559134124001, 1559134124009, 8, 0, 8
1559134125001, 1559134125055, 54, 1, 55
1559134126002, 1559134126013, 11, 1, 12
1559134127001, 1559134127009, 8, 0, 8
1559134128001, 1559134128012, 11, 1, 12
1559134129001, 1559134129010, 9, 1, 10
1559134130001, 1559134130014, 13, 0, 13
1559134131001, 1559134131008, 7, 0, 7
1559134132001, 1559134132008, 7, 1, 8
1559134133001, 1559134133008, 7, 1, 8
1559134134002, 1559134134013, 11, 1, 12
1559134135001, 1559134135008, 7, 0, 7
1559134136001, 1559134136012, 11, 0, 11
1559134137001, 1559134137009, 8, 1, 9
1559134138001, 1559134138077, 76, 1, 77
1559134139001, 1559134139008, 7, 0, 7
1559134140001, 1559134140013, 12, 0, 12
1559134141001, 1559134141009, 8, 1, 9
1559134142001, 1559134142011, 10, 1, 11
1559134143002, 1559134143011, 9, 1, 10
1559134144001, 1559134144011, 10, 0, 10
1559134145001, 1559134145014, 13, 0, 13
1559134146001, 1559134146013, 12, 0, 12
1559134147001, 1559134147008, 7, 1, 8
1559134148002, 1559134148014, 12, 1, 13
1559134149001, 1559134149008, 7, 0, 7
1559134150001, 1559134150008, 7, 0, 7
1559134151001, 1559134151056, 55, 1, 56
1559134152001, 1559134152009, 8, 1, 9
1559134153001, 1559134153012, 11, 1, 12
1559134154001, 1559134154012, 11, 0, 11
1559134155001, 1559134155013, 12, 0, 12
1559134156001, 1559134156012, 11, 1, 12
1559134157001, 1559134157012, 11, 1, 12
1559134158001, 1559134158008, 7, 0, 7
1559134159001, 1559134159011, 10, 0, 10
1559134160001, 1559134160008, 7, 1, 8
1559134161001, 1559134161013, 12, 1, 13
1559134162001, 1559134162012, 11, 0, 11
1559134163001, 1559134163105, 104, 0, 104
1559134164001, 1559134164008, 7, 1, 8
1559134165001, 1559134165012, 11, 1, 12
1559134166002, 1559134166011, 9, 1, 10
1559134167001, 1559134167016, 15, 0, 15
1559134168001, 1559134168009, 8, 0, 8
1559134169001, 1559134169013, 12, 1, 13
1559134170001, 1559134170008, 7, 1, 8
1559134171002, 1559134171014, 12, 1, 13
1559134172002, 1559134172008, 6, 1, 7
1559134173001, 1559134173013, 12, 0, 12
1559134174001, 1559134174009, 8, 0, 8
1559134175001, 1559134175057, 56, 1, 57
1559134176001, 1559134176009, 8, 1, 9
1559134177001, 1559134177010, 9, 0, 9
1559134178001, 1559134178009, 8, 0, 8
1559134179001, 1559134179011, 10, 1, 11
1559134180001, 1559134180008, 7, 1, 8
1559134181002, 1559134181009, 7, 1, 8
1559134182001, 1559134182009, 8, 0, 8
1559134183001, 1559134183006, 5, 1, 6
1559134184000, 1559134184004, 4, 0, 4
1559134185001, 1559134185011, 10, 1, 11
1559134186001, 1559134186014, 13, 1, 14
1559134187001, 1559134187088, 87, 1, 88
1559134188001, 1559134188013, 12, 0, 12
1559134189001, 1559134189013, 12, 0, 12
1559134190000, 1559134190010, 10, 0, 10
1559134191001, 1559134191015, 14, 0, 14
1559134192001, 1559134192007, 6, 1, 7
1559134193001, 1559134193012, 11, 0, 11
1559134194001, 1559134194013, 12, 0, 12
1559134195001, 1559134195013, 12, 1, 13
1559134196000, 1559134196007, 7, 0, 7
1559134197001, 1559134197006, 5, 0, 5
1559134198001, 1559134198010, 9, 1, 10
1559134199001, 1559134199081, 80, 0, 80
1559134200001, 1559134200012, 11, 0, 11
1559134201001, 1559134201004, 3, 1, 4
1559134202001, 1559134202013, 12, 0, 12
1559134203001, 1559134203016, 15, 0, 15
1559134204001, 1559134204015, 14, 0, 14
1559134205001, 1559134205012, 11, 1, 12
1559134206001, 1559134206013, 12, 1, 13
1559134207001, 1559134207011, 10, 1, 11
1559134208001, 1559134208014, 13, 0, 13
1559134209001, 1559134209008, 7, 1, 8
1559134210000, 1559134210008, 8, 0, 8
1559134211001, 1559134211106, 105, 1, 106
1559134212001, 1559134212014, 13, 1, 14
1559134213002, 1559134213019, 17, 1, 18
1559134214001, 1559134214014, 13, 0, 13
1559134215001, 1559134215010, 9, 0, 9
1559134216001, 1559134216011, 10, 1, 11
1559134217001, 1559134217012, 11, 0, 11
1559134218001, 1559134218009, 8, 0, 8
1559134219001, 1559134219012, 11, 0, 11
1559134220001, 1559134220008, 7, 1, 8
1559134221000, 1559134221007, 7, 0, 7
1559134222001, 1559134222013, 12, 0, 12
1559134348356, 1559134348727, 371, 63, 434
1559134349005, 1559134349134, 129, 3, 132
1559134350004, 1559134350069, 65, 2, 67
1559134351003, 1559134351040, 37, 2, 39
1559134352002, 1559134352040, 38, 2, 40
1559134353004, 1559134353049, 45, 2, 47
1559134354003, 1559134354043, 40, 2, 42
1559134355004, 1559134355040, 36, 2, 38
1559134356002, 1559134356023, 21, 1, 22
1559134357005, 1559134357032, 27, 3, 30
1559134358002, 1559134358038, 36, 1, 37
1559134359002, 1559134359020, 18, 1, 19
1559134360004, 1559134360039, 35, 2, 37
1559134361004, 1559134361034, 30, 2, 32
1559134362004, 1559134362041, 37, 2, 39
1559134363005, 1559134363045, 40, 2, 42
1559134364005, 1559134364030, 25, 3, 28
1559134365003, 1559134365038, 35, 1, 36
1559134366005, 1559134366038, 33, 3, 36
1559134367004, 1559134367028, 24, 2, 26
1559134368005, 1559134368032, 27, 3, 30
1559134369001, 1559134369008, 7, 0, 7
1559134370003, 1559134370024, 21, 2, 23
1559134371004, 1559134371022, 18, 3, 21
1559134372003, 1559134372029, 26, 2, 28
1559134373003, 1559134373024, 21, 2, 23
1559134374003, 1559134374029, 26, 1, 27
1559134375003, 1559134375024, 21, 2, 23
1559134376003, 1559134376031, 28, 2, 30
1559134377004, 1559134377022, 18, 2, 20
1559134378001, 1559134378019, 18, 0, 18
1559134379003, 1559134379020, 17, 2, 19
1559134380003, 1559134380020, 17, 2, 19
1559134381003, 1559134381019, 16, 1, 17
1559134382003, 1559134382028, 25, 2, 27
1559134383003, 1559134383049, 46, 2, 48
1559134384004, 1559134384023, 19, 2, 21
1559134385003, 1559134385023, 20, 2, 22
1559134386008, 1559134386018, 10, 1, 11
1559134387003, 1559134387020, 17, 1, 18
1559134388002, 1559134388019, 17, 1, 18
1559134389003, 1559134389010, 7, 1, 8
1559134390003, 1559134390018, 15, 1, 16
1559134391002, 1559134391011, 9, 1, 10
1559134392003, 1559134392024, 21, 2, 23
1559134393003, 1559134393023, 20, 1, 21
1559134394003, 1559134394018, 15, 2, 17
1559134395001, 1559134395011, 10, 1, 11
1559134396002, 1559134396007, 5, 1, 6
1559134397001, 1559134397009, 8, 0, 8
1559134398001, 1559134398006, 5, 1, 6
1559134399001, 1559134399006, 5, 1, 6
1559134400002, 1559134400011, 9, 1, 10
1559134401001, 1559134401007, 6, 0, 6
1559134402001, 1559134402014, 13, 1, 14
1559134403003, 1559134403043, 40, 2, 42
1559134404001, 1559134404008, 7, 1, 8
1559134405001, 1559134405014, 13, 0, 13
1559134406001, 1559134406010, 9, 0, 9
1559134407002, 1559134407025, 23, 1, 24
1559134408003, 1559134408020, 17, 2, 19
1559134409003, 1559134409022, 19, 2, 21
1559134410001, 1559134410008, 7, 1, 8
1559134411004, 1559134411033, 29, 2, 31
1559134412003, 1559134412026, 23, 1, 24
1559134413003, 1559134413023, 20, 2, 22
1559134414002, 1559134414037, 35, 1, 36
1559134415001, 1559134415040, 39, 0, 39
1559134416003, 1559134416019, 16, 2, 18
1559134417003, 1559134417017, 14, 1, 15
1559134418001, 1559134418008, 7, 1, 8
1559134419001, 1559134419006, 5, 1, 6
1559134420002, 1559134420010, 8, 1, 9
1559134421001, 1559134421007, 6, 1, 7
1559134422001, 1559134422007, 6, 1, 7
1559134423003, 1559134423017, 14, 2, 16
1559134424002, 1559134424016, 14, 1, 15
1559134425003, 1559134425025, 22, 2, 24
1559134426001, 1559134426007, 6, 1, 7
1559134427003, 1559134427020, 17, 1, 18
1559134428002, 1559134428011, 9, 1, 10
1559134429003, 1559134429020, 17, 2, 19
1559134430001, 1559134430005, 4, 1, 5
1559134431002, 1559134431015, 13, 1, 14
1559134432003, 1559134432019, 16, 2, 18
1559134433002, 1559134433018, 16, 1, 17
1559134434003, 1559134434020, 17, 1, 18
1559134435001, 1559134435008, 7, 1, 8
1559134436001, 1559134436006, 5, 0, 5
1559134437001, 1559134437006, 5, 1, 6
1559134438000, 1559134438005, 5, 0, 5
1559134439002, 1559134439014, 12, 1, 13
1559134440001, 1559134440011, 10, 0, 10
1559134441001, 1559134441005, 4, 1, 5
1559134442002, 1559134442049, 47, 1, 48
1559134443002, 1559134443006, 4, 1, 5
1559134444001, 1559134444008, 7, 0, 7
1559134445001, 1559134445011, 10, 0, 10
1559134446003, 1559134446019, 16, 2, 18
1559134447002, 1559134447017, 15, 1, 16
1559134448002, 1559134448010, 8, 1, 9
1559134449002, 1559134449015, 13, 1, 14
1559134450005, 1559134450026, 21, 4, 25
1559134451002, 1559134451020, 18, 1, 19
1559134452002, 1559134452025, 23, 1, 24
1559134453003, 1559134453020, 17, 1, 18
1559134454002, 1559134454019, 17, 1, 18
1559134455002, 1559134455023, 21, 1, 22
1559134456003, 1559134456021, 18, 1, 19
1559134457001, 1559134457005, 4, 0, 4
1559134458002, 1559134458016, 14, 1, 15
1559134459002, 1559134459056, 54, 1, 55
1559134460003, 1559134460017, 14, 1, 15
1559134461003, 1559134461042, 39, 2, 41
1559134462002, 1559134462018, 16, 1, 17
1559134463001, 1559134463005, 4, 0, 4
1559134464002, 1559134464019, 17, 1, 18
1559134465002, 1559134465015, 13, 1, 14
1559134466001, 1559134466010, 9, 1, 10
1559134467001, 1559134467007, 6, 1, 7
1559134468003, 1559134468021, 18, 1, 19
1559134469002, 1559134469009, 7, 1, 8
1559134470002, 1559134470020, 18, 1, 19
1559134471003, 1559134471018, 15, 1, 16
1559134472001, 1559134472006, 5, 1, 6
1559134473001, 1559134473007, 6, 0, 6
1559134474003, 1559134474012, 9, 2, 11
1559134475003, 1559134475014, 11, 1, 12
1559134476003, 1559134476018, 15, 1, 16
1559134477002, 1559134477016, 14, 1, 15
1559134478003, 1559134478015, 12, 2, 14
1559134479002, 1559134479041, 39, 1, 40
1559134480001, 1559134480016, 15, 0, 15
1559134481002, 1559134481014, 12, 1, 13
1559134482002, 1559134482016, 14, 1, 15
1559134483002, 1559134483010, 8, 1, 9
1559134484002, 1559134484014, 12, 1, 13
1559134485002, 1559134485014, 12, 1, 13
1559134486003, 1559134486017, 14, 2, 16
1559134531822, 1559134532246, 424, 85, 509
1559134532248, 1559134532315, 67, 2, 69
1559134533002, 1559134533053, 51, 1, 52
1559134534002, 1559134534052, 50, 1, 51
1559134535001, 1559134535052, 51, 1, 52
1559134536004, 1559134536045, 41, 2, 43
1559134537005, 1559134537051, 46, 4, 50
1559134538004, 1559134538059, 55, 2, 57
1559134539005, 1559134539027, 22, 2, 24
1559134540004, 1559134540054, 50, 2, 52
1559134541004, 1559134541056, 52, 2, 54
1559134542006, 1559134542044, 38, 4, 42
1559134543004, 1559134543063, 59, 2, 61
1559134544002, 1559134544044, 42, 1, 43
1559134545004, 1559134545036, 32, 2, 34
1559134546011, 1559134546044, 33, 6, 39
1559134547005, 1559134547106, 101, 3, 104
1559134548004, 1559134548031, 27, 2, 29
1559134549004, 1559134549033, 29, 2, 31
1559134550002, 1559134550012, 10, 1, 11
1559134551004, 1559134551036, 32, 2, 34
1559134552002, 1559134552024, 22, 1, 23
1559134553004, 1559134553030, 26, 2, 28
1559134554002, 1559134554012, 10, 1, 11
1559134555004, 1559134555028, 24, 3, 27
1559134556001, 1559134556009, 8, 0, 8
1559134557003, 1559134557017, 14, 2, 16
1559134558003, 1559134558017, 14, 2, 16
1559134559004, 1559134559015, 11, 3, 14
1559134560003, 1559134560014, 11, 2, 13
1559134561003, 1559134561028, 25, 2, 27
1559134562004, 1559134562011, 7, 2, 9
1559134563004, 1559134563036, 32, 2, 34
1559134564004, 1559134564010, 6, 2, 8
1559134565004, 1559134565031, 27, 3, 30
1559134566003, 1559134566013, 10, 2, 12
1559134567003, 1559134567027, 24, 2, 26
1559134568003, 1559134568010, 7, 1, 8
1559134569003, 1559134569022, 19, 2, 21
1559134570002, 1559134570010, 8, 1, 9
1559134571004, 1559134571022, 18, 2, 20
1559134572003, 1559134572011, 8, 2, 10
1559134573003, 1559134573025, 22, 2, 24
1559134574003, 1559134574019, 16, 2, 18
1559134575002, 1559134575022, 20, 1, 21
1559134576003, 1559134576012, 9, 1, 10
1559134577003, 1559134577023, 20, 2, 22
1559134578003, 1559134578013, 10, 2, 12
1559134579003, 1559134579022, 19, 2, 21
1559134580003, 1559134580018, 15, 1, 16
1559134581003, 1559134581043, 40, 2, 42
1559134582003, 1559134582012, 9, 2, 11
1559134583003, 1559134583012, 9, 1, 10
1559134584003, 1559134584009, 6, 2, 8
1559134585003, 1559134585029, 26, 2, 28
1559134586003, 1559134586014, 11, 1, 12
1559134587003, 1559134587020, 17, 2, 19
1559134588002, 1559134588009, 7, 1, 8
1559134589003, 1559134589022, 19, 1, 20
1559134590001, 1559134590006, 5, 1, 6
1559134591003, 1559134591020, 17, 2, 19
1559134592003, 1559134592011, 8, 1, 9
1559134593001, 1559134593009, 8, 0, 8
1559134594003, 1559134594012, 9, 1, 10
1559134595001, 1559134595007, 6, 1, 7
1559134596003, 1559134596020, 17, 1, 18
1559134597003, 1559134597023, 20, 2, 22
1559134598010, 1559134598086, 76, 9, 85
1559134599001, 1559134599010, 9, 1, 10
1559134600003, 1559134600013, 10, 2, 12
1559134601003, 1559134601012, 9, 1, 10
1559134602003, 1559134602017, 14, 2, 16
1559134603002, 1559134603018, 16, 1, 17
1559134604002, 1559134604017, 15, 1, 16
1559134605002, 1559134605012, 10, 1, 11
1559134606003, 1559134606021, 18, 2, 20
1559134607003, 1559134607018, 15, 2, 17
1559134608002, 1559134608010, 8, 1, 9
1559134609001, 1559134609007, 6, 0, 6
1559134610003, 1559134610018, 15, 2, 17
1559134611002, 1559134611011, 9, 1, 10
1559134612003, 1559134612019, 16, 2, 18
1559134613002, 1559134613017, 15, 1, 16
1559134614002, 1559134614010, 8, 1, 9
1559134615001, 1559134615006, 5, 0, 5
1559134616002, 1559134616071, 69, 1, 70
1559134617003, 1559134617020, 17, 2, 19
1559134618003, 1559134618027, 24, 2, 26
1559134619002, 1559134619018, 16, 1, 17
1559134620001, 1559134620008, 7, 0, 7
1559134621002, 1559134621014, 12, 1, 13
1559134622002, 1559134622015, 13, 1, 14
1559134623002, 1559134623018, 16, 1, 17
1559134624003, 1559134624011, 8, 2, 10
1559134625002, 1559134625022, 20, 1, 21
1559134626001, 1559134626007, 6, 0, 6
1559134627002, 1559134627017, 15, 1, 16
1559134628003, 1559134628016, 13, 1, 14
1559134629002, 1559134629016, 14, 1, 15
1559134630002, 1559134630017, 15, 1, 16
1559134631001, 1559134631012, 11, 0, 11
1559134632001, 1559134632006, 5, 1, 6
1559134633003, 1559134633018, 15, 2, 17
1559134634001, 1559134634006, 5, 1, 6
1559134635002, 1559134635018, 16, 1, 17
1559134636001, 1559134636035, 34, 0, 34
1559134637002, 1559134637019, 17, 1, 18
1559134638003, 1559134638010, 7, 1, 8
1559134639002, 1559134639017, 15, 1, 16
1559134640002, 1559134640015, 13, 1, 14
1559134641003, 1559134641017, 14, 1, 15
1559134642002, 1559134642010, 8, 1, 9
1559134643002, 1559134643016, 14, 1, 15
1559134644002, 1559134644010, 8, 1, 9
1559134645003, 1559134645041, 38, 2, 40
1559134646002, 1559134646010, 8, 1, 9
1559134647003, 1559134647019, 16, 1, 17
1559134648002, 1559134648010, 8, 1, 9
1559134649002, 1559134649009, 7, 1, 8
1559134650002, 1559134650016, 14, 1, 15
1559134651002, 1559134651017, 15, 1, 16
1559134652003, 1559134652017, 14, 2, 16
1559134653002, 1559134653009, 7, 1, 8
1559134654002, 1559134654016, 14, 1, 15
1559134655003, 1559134655051, 48, 1, 49
1559134656002, 1559134656016, 14, 1, 15
1559134657002, 1559134657024, 22, 1, 23
1559134658003, 1559134658024, 21, 2, 23
1559134659002, 1559134659022, 20, 1, 21
1559134660003, 1559134660018, 15, 1, 16
1559134661002, 1559134661010, 8, 1, 9
1559134662002, 1559134662022, 20, 1, 21
1559134663002, 1559134663019, 17, 1, 18
1559134664002, 1559134664017, 15, 1, 16
1559134665002, 1559134665017, 15, 1, 16
1559134666002, 1559134666019, 17, 1, 18
1559134667002, 1559134667018, 16, 1, 17
1559134668001, 1559134668006, 5, 0, 5
1559134669002, 1559134669020, 18, 1, 19
1559134670003, 1559134670017, 14, 1, 15
1559134671001, 1559134671007, 6, 1, 7
1559134672002, 1559134672016, 14, 1, 15
1559134673002, 1559134673017, 15, 1, 16
1559134674002, 1559134674049, 47, 1, 48
1559134675002, 1559134675024, 22, 1, 23
1559134676002, 1559134676016, 14, 1, 15
1559134677002, 1559134677016, 14, 1, 15
1559134678003, 1559134678017, 14, 2, 16
1559134679002, 1559134679017, 15, 1, 16
1559134680002, 1559134680018, 16, 1, 17
1559134681003, 1559134681016, 13, 1, 14
1559134682002, 1559134682018, 16, 1, 17
1559134683002, 1559134683018, 16, 1, 17
1559134684002, 1559134684010, 8, 1, 9
1559134685001, 1559134685013, 12, 0, 12
1559134686002, 1559134686016, 14, 1, 15
1559134687002, 1559134687013, 11, 1, 12
1559134688001, 1559134688005, 4, 0, 4
1559134689002, 1559134689020, 18, 1, 19
1559134690002, 1559134690017, 15, 1, 16
1559134691002, 1559134691018, 16, 1, 17
1559134692002, 1559134692015, 13, 1, 14
1559134693003, 1559134693059, 56, 1, 57
1559134694001, 1559134694005, 4, 0, 4
1559134695002, 1559134695018, 16, 1, 17
1559134696002, 1559134696016, 14, 1, 15
1559134697003, 1559134697018, 15, 2, 17
1559134698002, 1559134698017, 15, 1, 16
1559134699002, 1559134699017, 15, 1, 16
1559134700002, 1559134700013, 11, 1, 12
1559134701003, 1559134701027, 24, 1, 25
1559134702002, 1559134702016, 14, 1, 15
1559134703002, 1559134703015, 13, 1, 14
1559134704002, 1559134704011, 9, 1, 10
1559134705002, 1559134705018, 16, 1, 17
1559134706002, 1559134706012, 10, 1, 11
1559134707002, 1559134707015, 13, 1, 14
1559134708002, 1559134708016, 14, 1, 15
1559134709002, 1559134709016, 14, 1, 15
1559134710001, 1559134710006, 5, 1, 6
1559134711002, 1559134711039, 37, 1, 38
1559134712002, 1559134712010, 8, 1, 9
1559134713001, 1559134713008, 7, 0, 7
1559134714001, 1559134714007, 6, 0, 6
1559134715002, 1559134715018, 16, 1, 17
1559134716001, 1559134716009, 8, 0, 8
1559134717001, 1559134717012, 11, 0, 11
1559134718001, 1559134718006, 5, 1, 6
1559134719002, 1559134719015, 13, 1, 14
1559134720001, 1559134720006, 5, 1, 6
1559134721002, 1559134721016, 14, 1, 15
1559134722002, 1559134722010, 8, 1, 9
1559134723003, 1559134723015, 12, 1, 13
1559134724002, 1559134724013, 11, 1, 12
1559134725002, 1559134725016, 14, 1, 15
1559134726001, 1559134726006, 5, 1, 6
1559134727001, 1559134727017, 16, 0, 16
1559134728002, 1559134728074, 72, 1, 73
1559134729002, 1559134729015, 13, 1, 14
1559134730000, 1559134730012, 12, 0, 12
1559134731002, 1559134731013, 11, 1, 12
1559134732001, 1559134732005, 4, 0, 4
1559134733000, 1559134733007, 7, 0, 7
1559134734001, 1559134734011, 10, 0, 10
1559134735001, 1559134735006, 5, 1, 6
1559134736001, 1559134736009, 8, 0, 8
1559134737001, 1559134737005, 4, 0, 4
1559134738001, 1559134738010, 9, 1, 10
1559134739001, 1559134739005, 4, 0, 4
1559134740001, 1559134740015, 14, 0, 14
1559134741002, 1559134741013, 11, 1, 12
1559134742001, 1559134742022, 21, 0, 21
1559134743001, 1559134743034, 33, 1, 34
1559134744002, 1559134744022, 20, 1, 21
1559134745002, 1559134745016, 14, 1, 15
1559134746002, 1559134746016, 14, 1, 15
1559134747002, 1559134747010, 8, 1, 9
1559134748002, 1559134748013, 11, 1, 12
1559134749001, 1559134749008, 7, 1, 8
1559134750001, 1559134750007, 6, 0, 6
1559134751001, 1559134751005, 4, 0, 4
1559134752002, 1559134752014, 12, 1, 13
1559134753002, 1559134753019, 17, 1, 18
1559134754002, 1559134754018, 16, 0, 16
1559134755001, 1559134755013, 12, 0, 12
1559134756002, 1559134756017, 15, 1, 16
1559134757001, 1559134757063, 62, 0, 62
1559134758002, 1559134758021, 19, 1, 20
1559134759001, 1559134759021, 20, 0, 20
1559134760002, 1559134760017, 15, 1, 16
1559134761002, 1559134761020, 18, 1, 19
1559134762001, 1559134762016, 15, 0, 15
1559134763002, 1559134763019, 17, 1, 18
1559134764002, 1559134764015, 13, 1, 14
1559134765002, 1559134765015, 13, 1, 14
1559134766003, 1559134766015, 12, 1, 13
1559134767002, 1559134767017, 15, 1, 16
1559134768002, 1559134768064, 62, 1, 63
1559134769001, 1559134769015, 14, 0, 14
1559134770001, 1559134770006, 5, 1, 6
1559134771002, 1559134771018, 16, 1, 17
1559134772001, 1559134772017, 16, 0, 16
1559134773002, 1559134773015, 13, 1, 14
1559134774002, 1559134774015, 13, 1, 14
1559134775002, 1559134775046, 44, 1, 45
1559134776002, 1559134776015, 13, 1, 14
1559134777002, 1559134777012, 10, 1, 11
1559134778002, 1559134778078, 76, 1, 77
1559134779002, 1559134779018, 16, 1, 17
1559134780002, 1559134780014, 12, 1, 13
1559134781001, 1559134781011, 10, 0, 10
1559134782002, 1559134782016, 14, 1, 15
1559134783002, 1559134783008, 6, 1, 7
1559134784002, 1559134784015, 13, 1, 14
1559134785002, 1559134785071, 69, 0, 69
1559134786004, 1559134786022, 18, 3, 21
1559134787002, 1559134787024, 22, 1, 23
1559134788001, 1559134788014, 13, 1, 14
1559134789002, 1559134789018, 16, 1, 17
1559134790001, 1559134790010, 9, 1, 10
1559134791008, 1559134791021, 13, 6, 19
1559134792002, 1559134792014, 12, 1, 13
1559134793002, 1559134793010, 8, 1, 9
1559134794002, 1559134794015, 13, 1, 14
1559134795001, 1559134795072, 71, 1, 72
1559134796001, 1559134796008, 7, 1, 8
1559134797001, 1559134797006, 5, 0, 5
1559134798002, 1559134798015, 13, 1, 14
1559134799002, 1559134799064, 62, 1, 63
1559134800002, 1559134800069, 67, 1, 68
1559134801001, 1559134801009, 8, 1, 9
1559134802002, 1559134802427, 425, 1, 426
1559134803002, 1559134803009, 7, 1, 8
1559134804001, 1559134804015, 14, 1, 15
1559134805001, 1559134805050, 49, 1, 50
1559134806002, 1559134806006, 4, 1, 5
1559134807002, 1559134807040, 38, 1, 39
1559134808002, 1559134808015, 13, 1, 14
1559134809001, 1559134809028, 27, 1, 28
1559134810001, 1559134810020, 19, 1, 20
1559134811001, 1559134811046, 45, 1, 46
1559134812001, 1559134812017, 16, 1, 17
1559134813001, 1559134813048, 47, 0, 47
1559134814001, 1559134814014, 13, 0, 13
1559134815001, 1559134815049, 48, 0, 48
1559134816002, 1559134816016, 14, 1, 15
1559134817002, 1559134817018, 16, 1, 17
1559134818002, 1559134818046, 44, 1, 45
1559134819002, 1559134819016, 14, 1, 15
1559134820001, 1559134820016, 15, 0, 15
1559134821002, 1559134821043, 41, 1, 42
1559134822002, 1559134822014, 12, 1, 13
1559134823002, 1559134823051, 49, 1, 50
1559134824002, 1559134824017, 15, 1, 16
1559134825001, 1559134825014, 13, 1, 14
1559134826001, 1559134826017, 16, 0, 16
1559134827002, 1559134827041, 39, 1, 40
1559134828001, 1559134828006, 5, 1, 6
1559134829000, 1559134829007, 7, 0, 7
1559134830002, 1559134830047, 45, 1, 46
1559134831001, 1559134831007, 6, 0, 6
1559134832002, 1559134832009, 7, 1, 8
1559134833001, 1559134833028, 27, 0, 27
1559134834001, 1559134834016, 15, 0, 15
1559134835001, 1559134835009, 8, 0, 8
1559134849606, 1559134850012, 406, 70, 476
1559134850019, 1559134850086, 67, 1, 68
1559134851002, 1559134851081, 79, 1, 80
1559134852002, 1559134852087, 85, 1, 86
1559134853005, 1559134853102, 97, 3, 100
1559134854004, 1559134854035, 31, 2, 33
1559134855004, 1559134855037, 33, 2, 35
1559134856002, 1559134856031, 29, 1, 30
1559134857002, 1559134857030, 28, 1, 29
1559134858004, 1559134858053, 49, 2, 51
1559134859001, 1559134859056, 55, 1, 56
1559134860004, 1559134860043, 39, 2, 41
1559134861002, 1559134861022, 20, 1, 21
1559134862005, 1559134862040, 35, 3, 38
1559134863003, 1559134863027, 24, 2, 26
1559134864006, 1559134864043, 37, 2, 39
1559134865004, 1559134865060, 56, 2, 58
1559134866005, 1559134866035, 30, 2, 32
1559134867001, 1559134867016, 15, 0, 15
1559134868004, 1559134868026, 22, 3, 25
1559134869004, 1559134869015, 11, 3, 14
1559134870005, 1559134870035, 30, 4, 34
1559134871003, 1559134871012, 9, 2, 11
1559134872003, 1559134872011, 8, 2, 10
1559134873004, 1559134873031, 27, 2, 29
1559134874005, 1559134874023, 18, 3, 21
1559134875003, 1559134875013, 10, 1, 11
1559134876004, 1559134876035, 31, 3, 34
1559134877003, 1559134877021, 18, 2, 20
1559134878003, 1559134878012, 9, 2, 11
1559134879004, 1559134879013, 9, 2, 11
1559134880004, 1559134880018, 14, 2, 16
1559134881004, 1559134881030, 26, 2, 28
1559134882004, 1559134882011, 7, 3, 10
1559134883004, 1559134883014, 10, 3, 13
1559134884003, 1559134884012, 9, 2, 11
1559134885004, 1559134885011, 7, 2, 9
1559134886003, 1559134886012, 9, 2, 11
1559134887003, 1559134887013, 10, 2, 12
1559134888003, 1559134888013, 10, 1, 11
1559134889003, 1559134889011, 8, 1, 9
1559134890003, 1559134890011, 8, 1, 9
1559134891004, 1559134891023, 19, 2, 21
1559134892003, 1559134892012, 9, 1, 10
1559134893003, 1559134893012, 9, 2, 11
1559134894002, 1559134894012, 10, 1, 11
1559134895003, 1559134895020, 17, 2, 19
1559134896003, 1559134896011, 8, 2, 10
1559134897003, 1559134897019, 16, 2, 18
1559134898003, 1559134898012, 9, 1, 10
1559134899003, 1559134899051, 48, 2, 50
1559134900003, 1559134900016, 13, 2, 15
1559134901002, 1559134901026, 24, 1, 25
1559134902003, 1559134902010, 7, 2, 9
1559134903002, 1559134903021, 19, 1, 20
1559134904003, 1559134904037, 34, 1, 35
1559134905002, 1559134905026, 24, 1, 25
1559134906003, 1559134906012, 9, 2, 11
1559134907002, 1559134907029, 27, 1, 28
1559134908003, 1559134908011, 8, 2, 10
1559134909002, 1559134909016, 14, 1, 15
1559134910003, 1559134910010, 7, 1, 8
1559134911003, 1559134911018, 15, 2, 17
1559134912004, 1559134912010, 6, 2, 8
1559134913003, 1559134913028, 25, 1, 26
1559134914003, 1559134914020, 17, 1, 18
1559134915003, 1559134915023, 20, 1, 21
1559134916003, 1559134916019, 16, 2, 18
1559134917002, 1559134917020, 18, 1, 19
1559134918003, 1559134918015, 12, 1, 13
1559134919003, 1559134919018, 15, 2, 17
1559134920001, 1559134920010, 9, 1, 10
1559134921003, 1559134921025, 22, 2, 24
1559134922004, 1559134922020, 16, 2, 18
1559134923003, 1559134923024, 21, 2, 23
1559134924003, 1559134924020, 17, 2, 19
1559134925004, 1559134925022, 18, 2, 20
1559134926003, 1559134926024, 21, 1, 22
1559134927003, 1559134927024, 21, 2, 23
1559134928002, 1559134928021, 19, 1, 20
1559134929003, 1559134929024, 21, 1, 22
1559134930003, 1559134930012, 9, 1, 10
1559134931002, 1559134931008, 6, 1, 7
1559134932005, 1559134932018, 13, 3, 16
1559134933005, 1559134933014, 9, 4, 13
1559134934003, 1559134934026, 23, 2, 25
1559134935003, 1559134935020, 17, 2, 19
1559134936002, 1559134936021, 19, 1, 20
1559134937003, 1559134937011, 8, 2, 10
1559134938002, 1559134938059, 57, 1, 58
1559134939003, 1559134939011, 8, 2, 10
1559134940002, 1559134940018, 16, 1, 17
1559134941003, 1559134941011, 8, 1, 9
1559134942002, 1559134942017, 15, 1, 16
1559134943002, 1559134943012, 10, 1, 11
1559134944003, 1559134944015, 12, 2, 14
1559134945003, 1559134945013, 10, 1, 11
1559134946003, 1559134946018, 15, 2, 17
1559134947002, 1559134947010, 8, 1, 9
1559134948003, 1559134948017, 14, 1, 15
1559134949002, 1559134949021, 19, 1, 20
1559134950003, 1559134950015, 12, 1, 13
1559134951002, 1559134951010, 8, 1, 9
1559134952003, 1559134952010, 7, 1, 8
1559134953003, 1559134953010, 7, 2, 9
1559134954002, 1559134954011, 9, 1, 10
1559134955003, 1559134955017, 14, 2, 16
1559134956002, 1559134956009, 7, 1, 8
1559134957003, 1559134957011, 8, 2, 10
1559134958002, 1559134958041, 39, 1, 40
1559134959003, 1559134959011, 8, 1, 9
1559134960003, 1559134960040, 37, 2, 39
1559134961002, 1559134961011, 9, 1, 10
1559134962002, 1559134962009, 7, 1, 8
1559134963002, 1559134963017, 15, 1, 16
1559134964002, 1559134964009, 7, 1, 8
1559134965002, 1559134965016, 14, 1, 15
1559134966002, 1559134966009, 7, 1, 8
1559134967003, 1559134967018, 15, 1, 16
1559134968003, 1559134968014, 11, 2, 13
1559134969002, 1559134969019, 17, 1, 18
1559134970002, 1559134970009, 7, 1, 8
1559134971003, 1559134971022, 19, 1, 20
1559134972002, 1559134972010, 8, 1, 9
1559134973002, 1559134973015, 13, 1, 14
1559134974003, 1559134974009, 6, 1, 7
1559134975003, 1559134975018, 15, 1, 16
1559134976004, 1559134976010, 6, 2, 8
1559134977002, 1559134977025, 23, 1, 24
1559134978003, 1559134978010, 7, 2, 9
1559134979002, 1559134979017, 15, 1, 16
1559134980002, 1559134980010, 8, 1, 9
1559134981003, 1559134981020, 17, 1, 18
1559134982002, 1559134982045, 43, 1, 44
1559134983003, 1559134983017, 14, 1, 15
1559134984001, 1559134984005, 4, 1, 5
1559134985003, 1559134985019, 16, 1, 17
1559134986001, 1559134986006, 5, 0, 5
1559134987002, 1559134987019, 17, 1, 18
1559134988002, 1559134988016, 14, 1, 15
1559134989002, 1559134989018, 16, 1, 17
1559134990002, 1559134990017, 15, 1, 16
1559134991001, 1559134991005, 4, 1, 5
1559134992003, 1559134992017, 14, 1, 15
1559134993002, 1559134993009, 7, 1, 8
1559134994002, 1559134994015, 13, 1, 14
1559134995002, 1559134995015, 13, 1, 14
1559134996002, 1559134996016, 14, 1, 15
1559134997001, 1559134997007, 6, 1, 7
1559134998003, 1559134998028, 25, 1, 26
1559134999002, 1559134999020, 18, 1, 19
1559135000002, 1559135000016, 14, 1, 15
1559135001002, 1559135001015, 13, 1, 14
1559135002002, 1559135002020, 18, 1, 19
1559135003003, 1559135003020, 17, 2, 19
1559135004001, 1559135004008, 7, 1, 8
1559135005002, 1559135005012, 10, 1, 11
1559135006002, 1559135006017, 15, 1, 16
1559135007002, 1559135007011, 9, 1, 10
1559135008003, 1559135008019, 16, 2, 18
1559135009002, 1559135009018, 16, 1, 17
1559135010001, 1559135010014, 13, 0, 13
1559135011002, 1559135011015, 13, 1, 14
1559135012002, 1559135012015, 13, 1, 14
1559135013002, 1559135013015, 13, 1, 14
1559135014002, 1559135014017, 15, 1, 16
1559135015002, 1559135015017, 15, 1, 16
1559135016002, 1559135016015, 13, 1, 14
1559135017003, 1559135017017, 14, 1, 15
1559135018002, 1559135018016, 14, 1, 15
1559135019003, 1559135019024, 21, 1, 22
1559135020002, 1559135020018, 16, 1, 17
1559135021002, 1559135021021, 19, 0, 19
1559135022002, 1559135022019, 17, 1, 18
1559135023002, 1559135023017, 15, 1, 16
1559135024002, 1559135024011, 9, 1, 10
1559135025001, 1559135025006, 5, 1, 6
1559135026003, 1559135026016, 13, 2, 15
1559135027008, 1559135027021, 13, 6, 19
1559135028002, 1559135028014, 12, 1, 13
1559135029002, 1559135029020, 18, 1, 19
1559135030001, 1559135030011, 10, 0, 10
1559135031002, 1559135031016, 14, 1, 15
1559135032003, 1559135032015, 12, 2, 14
1559135033001, 1559135033007, 6, 1, 7
1559135034001, 1559135034005, 4, 0, 4
1559135035002, 1559135035018, 16, 1, 17
1559135036002, 1559135036015, 13, 1, 14
1559135037002, 1559135037018, 16, 1, 17
1559135038001, 1559135038013, 12, 1, 13
1559135039002, 1559135039023, 21, 1, 22
1559135040003, 1559135040021, 18, 1, 19
1559135041003, 1559135041020, 17, 1, 18
1559135042001, 1559135042007, 6, 1, 7
1559135043002, 1559135043015, 13, 1, 14
1559135044002, 1559135044016, 14, 1, 15
1559135045002, 1559135045016, 14, 1, 15
1559135046003, 1559135046016, 13, 1, 14
1559135047002, 1559135047015, 13, 1, 14
1559135048001, 1559135048018, 17, 0, 17
1559135049002, 1559135049019, 17, 1, 18
1559135050006, 1559135050035, 29, 3, 32
1559135051002, 1559135051020, 18, 1, 19
1559135052001, 1559135052011, 10, 0, 10
1559135053001, 1559135053005, 4, 1, 5
1559135054001, 1559135054006, 5, 0, 5
1559135055001, 1559135055006, 5, 0, 5
1559135056000, 1559135056006, 6, 0, 6
1559135057001, 1559135057008, 7, 0, 7
1559135058001, 1559135058005, 4, 1, 5
1559135059001, 1559135059005, 4, 1, 5
1559135060001, 1559135060027, 26, 0, 26
1559135061001, 1559135061012, 11, 1, 12
1559135062003, 1559135062044, 41, 2, 43
1559135063001, 1559135063021, 20, 1, 21
1559135064002, 1559135064014, 12, 1, 13
1559135065002, 1559135065016, 14, 1, 15
1559135066001, 1559135066013, 12, 1, 13
1559135067002, 1559135067013, 11, 1, 12
1559135068001, 1559135068030, 29, 0, 29
1559135069002, 1559135069022, 20, 1, 21
1559135070002, 1559135070013, 11, 1, 12
1559135071001, 1559135071006, 5, 0, 5
1559135072002, 1559135072018, 16, 1, 17
1559135073002, 1559135073012, 10, 1, 11
1559135074001, 1559135074027, 26, 0, 26
1559135075002, 1559135075010, 8, 1, 9
1559135076002, 1559135076017, 15, 1, 16
1559135077002, 1559135077018, 16, 1, 17
1559135078002, 1559135078015, 13, 1, 14
1559135079002, 1559135079012, 10, 1, 11
1559135080001, 1559135080016, 15, 0, 15
1559135081002, 1559135081016, 14, 1, 15
1559135082002, 1559135082050, 48, 1, 49
1559135083003, 1559135083011, 8, 1, 9
1559135084002, 1559135084009, 7, 1, 8
1559135085002, 1559135085010, 8, 1, 9
1559135086002, 1559135086009, 7, 1, 8
1559135087002, 1559135087010, 8, 1, 9
1559135088002, 1559135088010, 8, 1, 9
1559135089002, 1559135089016, 14, 1, 15
1559135090002, 1559135090009, 7, 1, 8
1559135091001, 1559135091015, 14, 0, 14
1559135092002, 1559135092009, 7, 1, 8
1559135093002, 1559135093015, 13, 1, 14
1559135094002, 1559135094014, 12, 1, 13
1559135095001, 1559135095014, 13, 0, 13
1559135096001, 1559135096004, 3, 1, 4
1559135097002, 1559135097016, 14, 1, 15
1559135098002, 1559135098013, 11, 1, 12
1559135099002, 1559135099018, 16, 1, 17
1559135100003, 1559135100015, 12, 1, 13
1559135101001, 1559135101009, 8, 1, 9
1559135102003, 1559135102054, 51, 1, 52
1559135103002, 1559135103018, 16, 1, 17
1559135104003, 1559135104009, 6, 2, 8
1559135105002, 1559135105012, 10, 1, 11
1559135106002, 1559135106015, 13, 1, 14
1559135107002, 1559135107016, 14, 1, 15
1559135108002, 1559135108009, 7, 1, 8
1559135109001, 1559135109018, 17, 0, 17
1559135110001, 1559135110006, 5, 1, 6
1559135111001, 1559135111015, 14, 1, 15
1559135112002, 1559135112014, 12, 1, 13
1559135113001, 1559135113033, 32, 1, 33
1559135114002, 1559135114017, 15, 1, 16
1559135115002, 1559135115025, 23, 1, 24
1559135116004, 1559135116022, 18, 1, 19
1559135117002, 1559135117015, 13, 1, 14
1559135118002, 1559135118015, 13, 1, 14
1559135119001, 1559135119015, 14, 0, 14
1559135120002, 1559135120059, 57, 1, 58
1559135121002, 1559135121017, 15, 1, 16
1559135122002, 1559135122015, 13, 1, 14
1559135123001, 1559135123007, 6, 0, 6
1559135124002, 1559135124025, 23, 1, 24
1559135125002, 1559135125019, 17, 1, 18
1559135126002, 1559135126014, 12, 1, 13
1559135127002, 1559135127017, 15, 1, 16
1559135128001, 1559135128013, 12, 0, 12
1559135129001, 1559135129021, 20, 0, 20
1559135130002, 1559135130017, 15, 1, 16
1559135131002, 1559135131016, 14, 1, 15
1559135132001, 1559135132005, 4, 0, 4
1559135133001, 1559135133013, 12, 0, 12
1559135134002, 1559135134013, 11, 1, 12
1559135135002, 1559135135019, 17, 1, 18
1559135136002, 1559135136013, 11, 1, 12
1559135137001, 1559135137006, 5, 0, 5
1559135138002, 1559135138013, 11, 1, 12
1559135139002, 1559135139066, 64, 1, 65
1559135140002, 1559135140015, 13, 1, 14
1559135141002, 1559135141015, 13, 1, 14
1559135142002, 1559135142014, 12, 1, 13
1559135143001, 1559135143007, 6, 1, 7
1559135144002, 1559135144014, 12, 1, 13
1559135145001, 1559135145005, 4, 0, 4
1559135146002, 1559135146009, 7, 1, 8
1559135147002, 1559135147014, 12, 1, 13
1559135148001, 1559135148005, 4, 0, 4
1559135149001, 1559135149010, 9, 1, 10
1559135150001, 1559135150013, 12, 1, 13
1559135151001, 1559135151010, 9, 0, 9
1559135152000, 1559135152004, 4, 0, 4
1559135153001, 1559135153014, 13, 0, 13
1559135154000, 1559135154004, 4, 0, 4
1559135155001, 1559135155006, 5, 1, 6
1559135156000, 1559135156058, 58, 0, 58
1559135157001, 1559135157024, 23, 0, 23
1559135158001, 1559135158012, 11, 0, 11
1559135159001, 1559135159008, 7, 0, 7
1559135160001, 1559135160014, 13, 1, 14
1559135161001, 1559135161024, 23, 0, 23
1559135162002, 1559135162012, 10, 1, 11
1559135163002, 1559135163016, 14, 1, 15
1559135164002, 1559135164014, 12, 1, 13
1559135165001, 1559135165006, 5, 0, 5
1559135166002, 1559135166017, 15, 1, 16
1559135167001, 1559135167006, 5, 0, 5
1559135168001, 1559135168007, 6, 0, 6
1559135169001, 1559135169006, 5, 1, 6
1559135170001, 1559135170005, 4, 0, 4
1559135171002, 1559135171008, 6, 2, 8
1559135172001, 1559135172005, 4, 0, 4
1559135173001, 1559135173017, 16, 1, 17
1559135174001, 1559135174008, 7, 0, 7
1559135175001, 1559135175005, 4, 1, 5
1559135176001, 1559135176005, 4, 0, 4
1559135177001, 1559135177007, 6, 1, 7
1559135178002, 1559135178013, 11, 1, 12
1559135179001, 1559135179007, 6, 1, 7
1559135180002, 1559135180013, 11, 1, 12
1559135181002, 1559135181019, 17, 1, 18
1559135182002, 1559135182014, 12, 1, 13
1559135183002, 1559135183017, 15, 1, 16
1559135184001, 1559135184006, 5, 0, 5
1559135185002, 1559135185029, 27, 1, 28
1559135186001, 1559135186014, 13, 1, 14
1559135187001, 1559135187009, 8, 0, 8
1559135188001, 1559135188014, 13, 0, 13
1559135189001, 1559135189011, 10, 0, 10
1559135190001, 1559135190019, 18, 0, 18
1559135191002, 1559135191009, 7, 1, 8
1559135192002, 1559135192015, 13, 1, 14
1559135193001, 1559135193009, 8, 1, 9
1559135194001, 1559135194012, 11, 0, 11
1559135195002, 1559135195009, 7, 1, 8
1559135196002, 1559135196013, 11, 1, 12
1559135197002, 1559135197012, 10, 1, 11
1559135198002, 1559135198015, 13, 1, 14
1559135199002, 1559135199010, 8, 1, 9
1559135200002, 1559135200014, 12, 1, 13
1559135201001, 1559135201009, 8, 1, 9
1559135202002, 1559135202013, 11, 1, 12
1559135203002, 1559135203049, 47, 1, 48
1559135204002, 1559135204012, 10, 1, 11
1559135205002, 1559135205012, 10, 1, 11
1559135206002, 1559135206012, 10, 1, 11
1559135207001, 1559135207009, 8, 1, 9
1559135208001, 1559135208014, 13, 0, 13
1559135209001, 1559135209015, 14, 0, 14
1559135210002, 1559135210013, 11, 1, 12
1559135211002, 1559135211016, 14, 1, 15
1559135212002, 1559135212009, 7, 1, 8
1559135213002, 1559135213019, 17, 1, 18
1559135214002, 1559135214014, 12, 1, 13
1559135215001, 1559135215078, 77, 1, 78
1559135216001, 1559135216013, 12, 1, 13
1559135217001, 1559135217020, 19, 1, 20
1559135218001, 1559135218013, 12, 1, 13
1559135219002, 1559135219018, 16, 1, 17
1559135220001, 1559135220012, 11, 0, 11
1559135221001, 1559135221005, 4, 1, 5
1559135222001, 1559135222005, 4, 0, 4
1559135223002, 1559135223020, 18, 1, 19
1559135224001, 1559135224005, 4, 0, 4
1559135225001, 1559135225009, 8, 1, 9
1559135226001, 1559135226006, 5, 1, 6
1559135227001, 1559135227049, 48, 0, 48
1559135385123, 1559135385596, 473, 51, 524
1559135386005, 1559135386054, 49, 4, 53
1559135387001, 1559135387030, 29, 0, 29
1559135388004, 1559135388059, 55, 2, 57
1559135389004, 1559135389012, 8, 3, 11
1559135390005, 1559135390020, 15, 3, 18
1559135391003, 1559135391047, 44, 2, 46
1559135392005, 1559135392029, 24, 3, 27
1559135393004, 1559135393029, 25, 2, 27
1559135394005, 1559135394052, 47, 3, 50
1559135395005, 1559135395011, 6, 3, 9
1559135396004, 1559135396024, 20, 2, 22
1559135397005, 1559135397032, 27, 3, 30
1559135398005, 1559135398014, 9, 3, 12
1559135399004, 1559135399011, 7, 2, 9
1559135400006, 1559135400042, 36, 2, 38
1559135401004, 1559135401009, 5, 2, 7
1559135402004, 1559135402026, 22, 2, 24
1559135403003, 1559135403028, 25, 2, 27
1559135404003, 1559135404016, 13, 2, 15
1559135405004, 1559135405027, 23, 2, 25
1559135406005, 1559135406049, 44, 4, 48
1559135407003, 1559135407015, 12, 2, 14
1559135408004, 1559135408015, 11, 3, 14
1559135409004, 1559135409043, 39, 2, 41
1559135410004, 1559135410011, 7, 2, 9
1559135411002, 1559135411006, 4, 1, 5
1559135412003, 1559135412022, 19, 2, 21
1559135413004, 1559135413014, 10, 3, 13
1559135414004, 1559135414013, 9, 3, 12
1559135415003, 1559135415034, 31, 2, 33
1559135416001, 1559135416004, 3, 1, 4
1559135417004, 1559135417020, 16, 2, 18
1559135418004, 1559135418018, 14, 3, 17
1559135419003, 1559135419012, 9, 2, 11
1559135420003, 1559135420014, 11, 1, 12
1559135421003, 1559135421033, 30, 2, 32
1559135422003, 1559135422026, 23, 1, 24
1559135423003, 1559135423012, 9, 2, 11
1559135424003, 1559135424031, 28, 1, 29
1559135425004, 1559135425015, 11, 2, 13
1559135426004, 1559135426010, 6, 2, 8
1559135427003, 1559135427025, 22, 1, 23
1559135428003, 1559135428008, 5, 2, 7
1559135429002, 1559135429012, 10, 1, 11
1559135430003, 1559135430025, 22, 1, 23
1559135431002, 1559135431008, 6, 1, 7
1559135432002, 1559135432005, 3, 1, 4
1559135433001, 1559135433014, 13, 0, 13
1559135434003, 1559135434014, 11, 2, 13
1559135435004, 1559135435012, 8, 2, 10
1559135436004, 1559135436028, 24, 2, 26
1559135437003, 1559135437014, 11, 1, 12
1559135438003, 1559135438010, 7, 2, 9
1559135439002, 1559135439027, 25, 1, 26
1559135440003, 1559135440010, 7, 2, 9
1559135441002, 1559135441007, 5, 1, 6
1559135442002, 1559135442050, 48, 1, 49
1559135443002, 1559135443033, 31, 1, 32
1559135444003, 1559135444009, 6, 2, 8
1559135445006, 1559135445025, 19, 2, 21
1559135446002, 1559135446007, 5, 1, 6
1559135447003, 1559135447013, 10, 2, 12
1559135448003, 1559135448030, 27, 1, 28
1559135449003, 1559135449013, 10, 2, 12
1559135450002, 1559135450012, 10, 1, 11
1559135451003, 1559135451013, 10, 2, 12
1559135452001, 1559135452007, 6, 1, 7
1559135453003, 1559135453011, 8, 1, 9
1559135454002, 1559135454027, 25, 1, 26
1559135455005, 1559135455031, 26, 4, 30
1559135456002, 1559135456022, 20, 1, 21
1559135457002, 1559135457021, 19, 1, 20
1559135458003, 1559135458008, 5, 2, 7
1559135459002, 1559135459007, 5, 1, 6
1559135460001, 1559135460007, 6, 0, 6
1559135461001, 1559135461004, 3, 1, 4
1559135462002, 1559135462008, 6, 1, 7
1559135463001, 1559135463038, 37, 1, 38
1559135464001, 1559135464004, 3, 0, 3
1559135465002, 1559135465016, 14, 0, 14
1559135466002, 1559135466036, 34, 1, 35
1559135467001, 1559135467004, 3, 0, 3
1559135468001, 1559135468004, 3, 0, 3
1559135469003, 1559135469024, 21, 2, 23
1559135470002, 1559135470010, 8, 1, 9
1559135471002, 1559135471011, 9, 1, 10
1559135472002, 1559135472021, 19, 1, 20
1559135473001, 1559135473003, 2, 1, 3
1559135474002, 1559135474008, 6, 1, 7
1559135475003, 1559135475023, 20, 2, 22
1559135476002, 1559135476010, 8, 1, 9
1559135477001, 1559135477003, 2, 1, 3
1559135478003, 1559135478021, 18, 1, 19
1559135479003, 1559135479010, 7, 2, 9
1559135480002, 1559135480011, 9, 1, 10
1559135481002, 1559135481011, 9, 1, 10
1559135482002, 1559135482009, 7, 1, 8
1559135483001, 1559135483002, 1, 1, 2
1559135484003, 1559135484025, 22, 2, 24
1559135485001, 1559135485004, 3, 1, 4
1559135486001, 1559135486005, 4, 0, 4
1559135487003, 1559135487020, 17, 2, 19
1559135488001, 1559135488004, 3, 1, 4
1559135489002, 1559135489008, 6, 1, 7
1559135490001, 1559135490013, 12, 1, 13
1559135491002, 1559135491009, 7, 1, 8
1559135492002, 1559135492011, 9, 1, 10
1559135493002, 1559135493027, 25, 1, 26
1559135494002, 1559135494010, 8, 1, 9
1559135495003, 1559135495010, 7, 1, 8
1559135496002, 1559135496019, 17, 1, 18
1559135497001, 1559135497003, 2, 0, 2
1559135498003, 1559135498010, 7, 2, 9
1559135499002, 1559135499021, 19, 1, 20
1559135500003, 1559135500011, 8, 2, 10
1559135501002, 1559135501011, 9, 1, 10
1559135502002, 1559135502011, 9, 1, 10
1559135503002, 1559135503010, 8, 1, 9
1559135504001, 1559135504003, 2, 0, 2
1559135505003, 1559135505023, 20, 2, 22
1559135506003, 1559135506012, 9, 1, 10
1559135507001, 1559135507005, 4, 0, 4
1559135508002, 1559135508016, 14, 1, 15
1559135509003, 1559135509010, 7, 1, 8
1559135510003, 1559135510013, 10, 1, 11
1559135511003, 1559135511028, 25, 1, 26
1559135512004, 1559135512008, 4, 2, 6
1559135513003, 1559135513011, 8, 1, 9
1559135514002, 1559135514012, 10, 1, 11
1559135515003, 1559135515014, 11, 1, 12
1559135516002, 1559135516008, 6, 1, 7
1559135517002, 1559135517019, 17, 1, 18
1559135518002, 1559135518007, 5, 1, 6
1559135519003, 1559135519007, 4, 1, 5
1559135520002, 1559135520010, 8, 1, 9
1559135521003, 1559135521028, 25, 1, 26
1559135522002, 1559135522038, 36, 1, 37
1559135523002, 1559135523020, 18, 1, 19
1559135524002, 1559135524009, 7, 1, 8
1559135525002, 1559135525010, 8, 1, 9
1559135526002, 1559135526017, 15, 1, 16
1559135527002, 1559135527009, 7, 1, 8
1559135528003, 1559135528009, 6, 1, 7
1559135529002, 1559135529020, 18, 1, 19
1559135530003, 1559135530009, 6, 1, 7
1559135531002, 1559135531019, 17, 1, 18
1559135532005, 1559135532016, 11, 4, 15
1559135533002, 1559135533008, 6, 1, 7
1559135534002, 1559135534010, 8, 1, 9
1559135535002, 1559135535010, 8, 1, 9
1559135536002, 1559135536011, 9, 1, 10
1559135537003, 1559135537007, 4, 1, 5
1559135538002, 1559135538020, 18, 1, 19
1559135539003, 1559135539006, 3, 2, 5
1559135540002, 1559135540009, 7, 1, 8
1559135541002, 1559135541030, 28, 1, 29
1559135542003, 1559135542010, 7, 1, 8
1559135543002, 1559135543006, 4, 1, 5
1559135544002, 1559135544016, 14, 1, 15
1559135545002, 1559135545008, 6, 1, 7
1559135546003, 1559135546011, 8, 2, 10
1559135547002, 1559135547010, 8, 1, 9
1559135548002, 1559135548007, 5, 1, 6
1559135549002, 1559135549007, 5, 0, 5
1559135550002, 1559135550013, 11, 1, 12
1559135551003, 1559135551008, 5, 1, 6
1559135552002, 1559135552007, 5, 1, 6
1559135553002, 1559135553011, 9, 1, 10
1559135554002, 1559135554010, 8, 1, 9
1559135555002, 1559135555008, 6, 1, 7
1559135556002, 1559135556012, 10, 1, 11
1559135557002, 1559135557011, 9, 1, 10
1559135558002, 1559135558012, 10, 1, 11
1559135559002, 1559135559018, 16, 1, 17
1559135560000, 1559135560043, 43, 0, 43
1559135561002, 1559135561011, 9, 1, 10
1559135562001, 1559135562012, 11, 1, 12
1559135563001, 1559135563003, 2, 0, 2
1559135564002, 1559135564009, 7, 1, 8
1559135565002, 1559135565012, 10, 1, 11
1559135566002, 1559135566011, 9, 1, 10
1559135567001, 1559135567003, 2, 0, 2
1559135568001, 1559135568011, 10, 0, 10
1559135569002, 1559135569008, 6, 1, 7
1559135570002, 1559135570009, 7, 1, 8
1559135571003, 1559135571019, 16, 1, 17
1559135572002, 1559135572009, 7, 1, 8
1559135573001, 1559135573004, 3, 0, 3
1559135574002, 1559135574010, 8, 1, 9
1559135575003, 1559135575010, 7, 1, 8
1559135576002, 1559135576013, 11, 1, 12
1559135577003, 1559135577018, 15, 1, 16
1559135578002, 1559135578010, 8, 1, 9
1559135579002, 1559135579010, 8, 1, 9
1559135580002, 1559135580021, 19, 1, 20
1559135581002, 1559135581009, 7, 1, 8
1559135582002, 1559135582009, 7, 1, 8
1559135583002, 1559135583023, 21, 1, 22
1559135584002, 1559135584007, 5, 1, 6
1559135585002, 1559135585011, 9, 1, 10
1559135586001, 1559135586008, 7, 0, 7
1559135587002, 1559135587009, 7, 1, 8
1559135588002, 1559135588008, 6, 1, 7
1559135589001, 1559135589020, 19, 0, 19
1559135590002, 1559135590011, 9, 1, 10
1559135591002, 1559135591008, 6, 1, 7
1559135592002, 1559135592016, 14, 0, 14
1559135593002, 1559135593010, 8, 1, 9
1559135594002, 1559135594009, 7, 1, 8
1559135595002, 1559135595011, 9, 1, 10
1559135596002, 1559135596008, 6, 1, 7
1559135597002, 1559135597007, 5, 1, 6
1559135598003, 1559135598027, 24, 2, 26
1559135599001, 1559135599003, 2, 1, 3
1559135600001, 1559135600009, 8, 1, 9
1559135601002, 1559135601020, 18, 1, 19
1559135602001, 1559135602003, 2, 0, 2
1559135603002, 1559135603008, 6, 1, 7
1559135604002, 1559135604017, 15, 1, 16
1559135605002, 1559135605010, 8, 1, 9
1559135606002, 1559135606009, 7, 1, 8
1559135607002, 1559135607012, 10, 1, 11
1559135608001, 1559135608004, 3, 0, 3
1559135609002, 1559135609008, 6, 1, 7
1559135797101, 1559135797515, 414, 54, 468
1559135798002, 1559135798044, 42, 1, 43
1559135799002, 1559135799052, 50, 1, 51
1559135800005, 1559135800036, 31, 3, 34
1559135801005, 1559135801079, 74, 2, 76
1559135802005, 1559135802041, 36, 2, 38
1559135803006, 1559135803038, 32, 3, 35
1559135804005, 1559135804029, 24, 3, 27
1559135805005, 1559135805046, 41, 2, 43
1559135806004, 1559135806026, 22, 2, 24
1559135807004, 1559135807038, 34, 2, 36
1559135808005, 1559135808023, 18, 3, 21
1559135809004, 1559135809050, 46, 3, 49
1559135810004, 1559135810023, 19, 3, 22
1559135811004, 1559135811026, 22, 2, 24
1559135812006, 1559135812022, 16, 3, 19
1559135813004, 1559135813042, 38, 2, 40
1559135814005, 1559135814047, 42, 3, 45
1559135815001, 1559135815016, 15, 0, 15
1559135816003, 1559135816012, 9, 2, 11
1559135817003, 1559135817015, 12, 2, 14
1559135818004, 1559135818021, 17, 3, 20
1559135819003, 1559135819019, 16, 2, 18
1559135820005, 1559135820010, 5, 4, 9
1559135821004, 1559135821029, 25, 3, 28
1559135822003, 1559135822011, 8, 2, 10
1559135823003, 1559135823033, 30, 2, 32
1559135824003, 1559135824008, 5, 2, 7
1559135825004, 1559135825042, 38, 2, 40
1559135826002, 1559135826004, 2, 1, 3
1559135827003, 1559135827014, 11, 2, 13
1559135828003, 1559135828012, 9, 2, 11
1559135829001, 1559135829014, 13, 0, 13
1559135830001, 1559135830005, 4, 1, 5
1559135831003, 1559135831039, 36, 2, 38
1559135832003, 1559135832008, 5, 1, 6
1559135833004, 1559135833030, 26, 2, 28
1559135834003, 1559135834058, 55, 2, 57
1559135835003, 1559135835026, 23, 2, 25
1559135836003, 1559135836012, 9, 1, 10
1559135837003, 1559135837028, 25, 2, 27
1559135838004, 1559135838008, 4, 2, 6
1559135839004, 1559135839034, 30, 2, 32
1559135840003, 1559135840012, 9, 2, 11
1559135841003, 1559135841021, 18, 2, 20
1559135842003, 1559135842009, 6, 1, 7
1559135843003, 1559135843025, 22, 2, 24
1559135844003, 1559135844014, 11, 2, 13
1559135845002, 1559135845025, 23, 1, 24
1559135846003, 1559135846009, 6, 1, 7
1559135847003, 1559135847023, 20, 1, 21
1559135848003, 1559135848008, 5, 2, 7
1559135849003, 1559135849022, 19, 2, 21
1559135850003, 1559135850009, 6, 1, 7
1559135851003, 1559135851012, 9, 2, 11
1559135852002, 1559135852008, 6, 1, 7
1559135853003, 1559135853012, 9, 1, 10
1559135854001, 1559135854003, 2, 0, 2
1559135855003, 1559135855048, 45, 2, 47
1559135856003, 1559135856010, 7, 1, 8
1559135857002, 1559135857012, 10, 1, 11
1559135858003, 1559135858013, 10, 1, 11
1559135859003, 1559135859032, 29, 2, 31
1559135860001, 1559135860006, 5, 0, 5
1559135861003, 1559135861029, 26, 2, 28
1559135862002, 1559135862012, 10, 1, 11
1559135863001, 1559135863057, 56, 0, 56
1559135864003, 1559135864013, 10, 2, 12
1559135865001, 1559135865007, 6, 1, 7
1559135866003, 1559135866011, 8, 2, 10
1559135867002, 1559135867020, 18, 1, 19
1559135868003, 1559135868014, 11, 1, 12
1559135869001, 1559135869007, 6, 0, 6
1559135870001, 1559135870005, 4, 0, 4
1559135871003, 1559135871020, 17, 2, 19
1559135872002, 1559135872010, 8, 1, 9
1559135873003, 1559135873024, 21, 2, 23
1559135874002, 1559135874011, 9, 1, 10
1559135875003, 1559135875061, 58, 1, 59
1559135876003, 1559135876011, 8, 1, 9
1559135877001, 1559135877016, 15, 0, 15
1559135878002, 1559135878010, 8, 2, 10
1559135879003, 1559135879025, 22, 2, 24
1559135880002, 1559135880007, 5, 1, 6
1559135881002, 1559135881021, 19, 1, 20
1559135882002, 1559135882012, 10, 1, 11
1559135909815, 1559135910162, 347, 62, 409
1559135910175, 1559135910197, 22, 0, 22
1559135911005, 1559135911130, 125, 3, 128
1559135912002, 1559135912020, 18, 1, 19
1559135913005, 1559135913055, 50, 3, 53
1559135914005, 1559135914011, 6, 3, 9
1559135915006, 1559135915064, 58, 3, 61
1559135916005, 1559135916025, 20, 3, 23
1559135917006, 1559135917051, 45, 3, 48
1559135918002, 1559135918007, 5, 1, 6
1559136392268, 1559136392604, 336, 52, 388
1559136393006, 1559136393098, 92, 3, 95
