1558881153981, 1558881153981, 0, 49, 49
1558881154002, 1558881154315, 313, 1, 314
1558881155006, 1558881155040, 34, 4, 38
1558881156002, 1558881156028, 26, 1, 27
1558881157004, 1558881157074, 70, 3, 73
1558881158005, 1558881158061, 56, 5, 61
1558881159006, 1558881159081, 75, 4, 79
1558881160005, 1558881160041, 36, 3, 39
1558881161005, 1558881161083, 78, 4, 82
1558881162002, 1558881162070, 68, 2, 70
1558881163003, 1558881163100, 97, 1, 98
1558881164013, 1558881164050, 37, 12, 49
1558881165004, 1558881165050, 46, 3, 49
1558881166002, 1558881166014, 12, 1, 13
1558881167005, 1558881167059, 54, 3, 57
1558881168005, 1558881168021, 16, 2, 18
1558881169005, 1558881169080, 75, 4, 79
1558881170008, 1558881170119, 111, 6, 117
1558881171004, 1558881171051, 47, 2, 49
1558881172003, 1558881172017, 14, 2, 16
1558881173005, 1558881173022, 17, 3, 20
1558881174002, 1558881174025, 23, 1, 24
1558881175003, 1558881175033, 30, 2, 32
1558881176006, 1558881176013, 7, 4, 11
1558881177004, 1558881177052, 48, 3, 51
1558881178003, 1558881178030, 27, 2, 29
1558881179004, 1558881179046, 42, 2, 44
1558881180004, 1558881180020, 16, 3, 19
1558881181002, 1558881181078, 76, 2, 78
1558881182004, 1558881182048, 44, 3, 47
1558881183004, 1558881183051, 47, 3, 50
1558881184004, 1558881184059, 55, 2, 57
1558881185003, 1558881185100, 97, 2, 99
1558881323056, 1558881323056, 0, 51, 51
1558881323058, 1558881323323, 265, 1, 266
1558881324007, 1558881324028, 21, 4, 25
1558881325004, 1558881325062, 58, 3, 61
1558881326009, 1558881326065, 56, 8, 64
1558881327005, 1558881327051, 46, 2, 48
1558881328005, 1558881328020, 15, 3, 18
1558881329002, 1558881329093, 91, 2, 93
1558881330005, 1558881330076, 71, 3, 74
1558881331005, 1558881331062, 57, 3, 60
1558881332004, 1558881332032, 28, 2, 30
1558881333005, 1558881333056, 51, 4, 55
1558881334003, 1558881334072, 69, 2, 71
1558881335002, 1558881335036, 34, 1, 35
1558881336002, 1558881336053, 51, 1, 52
1558881337006, 1558881337090, 84, 4, 88
1558881338004, 1558881338048, 44, 3, 47
1558881339006, 1558881339074, 68, 2, 70
1558881340003, 1558881340073, 70, 2, 72
1558881341001, 1558881341038, 37, 0, 37
1558881793846, 1558881793846, 0, 71, 71
1558881794002, 1558881794257, 255, 1, 256
1558881795006, 1558881795040, 34, 3, 37
1558881796007, 1558881796075, 68, 5, 73
1558881797006, 1558881797081, 75, 4, 79
1558881798005, 1558881798039, 34, 3, 37
1558881799007, 1558881799062, 55, 4, 59
1558881800005, 1558881800053, 48, 3, 51
1558881801008, 1558881801045, 37, 5, 42
1558881802002, 1558881802023, 21, 1, 22
1558881803005, 1558881803055, 50, 3, 53
1558881804005, 1558881804047, 42, 3, 45
1558881805004, 1558881805016, 12, 2, 14
1558881806005, 1558881806042, 37, 3, 40
1558881807005, 1558881807022, 17, 2, 19
1558881808006, 1558881808028, 22, 3, 25
1558881809005, 1558881809018, 13, 3, 16
1558881810005, 1558881810023, 18, 3, 21
1558881811005, 1558881811016, 11, 3, 14
1558881812004, 1558881812031, 27, 2, 29
1558881813005, 1558881813019, 14, 3, 17
1558881814004, 1558881814018, 14, 2, 16
1558881815005, 1558881815018, 13, 4, 17
1558881816005, 1558881816013, 8, 3, 11
1558881817005, 1558881817013, 8, 3, 11
1558881818004, 1558881818013, 9, 3, 12
1558881819004, 1558881819017, 13, 3, 16
1558881820004, 1558881820019, 15, 2, 17
1558881821004, 1558881821034, 30, 2, 32
1558881822004, 1558881822026, 22, 2, 24
1558881823004, 1558881823013, 9, 2, 11
1558881824004, 1558881824025, 21, 3, 24
1558881825003, 1558881825025, 22, 2, 24
1558944289377, 1558944289377, 0, 53, 53
1558946949760, 1558946949760, 0, 54, 54
1558946950006, 1558946950307, 301, 4, 305
1558946951006, 1558946951037, 31, 4, 35
1558947055399, 1558947055399, 0, 48, 48
1558947056006, 1558947056261, 255, 3, 258
1558947057005, 1558947057053, 48, 3, 51
1558947058003, 1558947058033, 30, 2, 32
1558947059007, 1558947059100, 93, 4, 97
1558947060007, 1558947060102, 95, 5, 100
1558947061002, 1558947061063, 61, 1, 62
1558947077991, 1558947077991, 0, 47, 47
1558947078002, 1558947078266, 264, 1, 265
1558947079006, 1558947079027, 21, 4, 25
1558947080002, 1558947080026, 24, 1, 25
1558947081006, 1558947081040, 34, 4, 38
1558947082005, 1558947082036, 31, 3, 34
1558947083005, 1558947083022, 17, 3, 20
1558947084004, 1558947084030, 26, 2, 28
1558947085005, 1558947085041, 36, 3, 39
1558947086004, 1558947086027, 23, 3, 26
1558947087004, 1558947087043, 39, 3, 42
1558947196707, 1558947196707, 0, 52, 52
1558947197005, 1558947197300, 295, 3, 298
1558947198006, 1558947198050, 44, 4, 48
1558947199006, 1558947199049, 43, 3, 46
1558947200005, 1558947200056, 51, 3, 54
1558947201005, 1558947201047, 42, 3, 45
1558947202005, 1558947202039, 34, 3, 37
1558947203006, 1558947203058, 52, 4, 56
1558947204004, 1558947204020, 16, 3, 19
1558947229897, 1558947229897, 0, 46, 46
1558947230002, 1558947230258, 256, 1, 257
1558947231006, 1558947231048, 42, 4, 46
1558947232005, 1558947232046, 41, 3, 44
1558947233005, 1558947233048, 43, 3, 46
1558947234005, 1558947234051, 46, 3, 49
1558947235005, 1558947235024, 19, 3, 22
1558947236003, 1558947236039, 36, 2, 38
1558947237005, 1558947237029, 24, 3, 27
1558947238002, 1558947238021, 19, 1, 20
1558947239004, 1558947239070, 66, 2, 68
1558947240005, 1558947240042, 37, 3, 40
1558947241004, 1558947241038, 34, 2, 36
1558947242002, 1558947242013, 11, 1, 12
1558947243001, 1558947243023, 22, 0, 22
1558947244002, 1558947244013, 11, 1, 12
1558947245003, 1558947245028, 25, 2, 27
1558947246004, 1558947246036, 32, 2, 34
1558947247004, 1558947247037, 33, 2, 35
1558947248002, 1558947248009, 7, 1, 8
1558947249003, 1558947249018, 15, 2, 17
1558947250004, 1558947250026, 22, 2, 24
1558947251004, 1558947251025, 21, 2, 23
1558947252002, 1558947252016, 14, 1, 15
1558947253002, 1558947253013, 11, 1, 12
1558947254002, 1558947254012, 10, 1, 11
1558947322586, 1558947322586, 0, 60, 60
1558947323005, 1558947323283, 278, 3, 281
1558947324006, 1558947324028, 22, 4, 26
1558947325005, 1558947325024, 19, 3, 22
1558947326005, 1558947326023, 18, 3, 21
1558947327006, 1558947327028, 22, 4, 26
1558947328005, 1558947328022, 17, 3, 20
1558947329005, 1558947329028, 23, 3, 26
1558947330005, 1558947330024, 19, 3, 22
1558947331005, 1558947331029, 24, 3, 27
1558947332004, 1558947332023, 19, 2, 21
1558947333005, 1558947333020, 15, 3, 18
1558947334004, 1558947334039, 35, 2, 37
1558947335004, 1558947335019, 15, 2, 17
1558947336004, 1558947336017, 13, 3, 16
1558947337004, 1558947337016, 12, 2, 14
1558947338003, 1558947338014, 11, 2, 13
1558947339004, 1558947339022, 18, 3, 21
1558947369325, 1558947369325, 0, 53, 53
1558947443073, 1558947443073, 0, 54, 54
1558947443075, 1558947443337, 262, 1, 263
1558947444005, 1558947444028, 23, 3, 26
1558947445005, 1558947445032, 27, 3, 30
1558947446006, 1558947446032, 26, 3, 29
1558947447005, 1558947447033, 28, 3, 31
1558947448002, 1558947448027, 25, 1, 26
1558947449005, 1558947449055, 50, 3, 53
1558947450005, 1558947450048, 43, 3, 46
1558947532345, 1558947532345, 0, 59, 59
1558947533005, 1558947533258, 253, 3, 256
1558947534006, 1558947534028, 22, 4, 26
1558947535005, 1558947535031, 26, 3, 29
1558947536005, 1558947536027, 22, 3, 25
1558947537004, 1558947537031, 27, 2, 29
1558947538005, 1558947538024, 19, 3, 22
1558947539004, 1558947539035, 31, 3, 34
1558947540005, 1558947540065, 60, 3, 63
1558947541005, 1558947541023, 18, 3, 21
1558947542002, 1558947542026, 24, 1, 25
1558947727382, 1558947727382, 0, 47, 47
1558947728007, 1558947728295, 288, 4, 292
1558947729006, 1558947729050, 44, 3, 47
1558947730006, 1558947730046, 40, 3, 43
1558947731005, 1558947731054, 49, 2, 51
1558947732002, 1558947732022, 20, 1, 21
1558947733005, 1558947733051, 46, 3, 49
1558947734005, 1558947734057, 52, 3, 55
1558947735008, 1558947735062, 54, 6, 60
1558947736004, 1558947736054, 50, 3, 53
1558947737002, 1558947737029, 27, 1, 28
1558947738002, 1558947738018, 16, 1, 17
1558947739002, 1558947739015, 13, 1, 14
1558947740002, 1558947740015, 13, 1, 14
1558947741005, 1558947741020, 15, 3, 18
1558947742005, 1558947742019, 14, 2, 16
1558947743004, 1558947743017, 13, 2, 15
1558947744004, 1558947744019, 15, 2, 17
1558947745005, 1558947745018, 13, 3, 16
1558947746003, 1558947746025, 22, 2, 24
1558947747001, 1558947747009, 8, 0, 8
1558947748004, 1558947748029, 25, 3, 28
1558947749005, 1558947749034, 29, 4, 33
1558947750003, 1558947750026, 23, 2, 25
1558947751003, 1558947751027, 24, 2, 26
1558947752004, 1558947752022, 18, 2, 20
1558947753003, 1558947753033, 30, 2, 32
1558947754003, 1558947754029, 26, 2, 28
1558947755004, 1558947755051, 47, 2, 49
1558947756003, 1558947756029, 26, 1, 27
1558947757003, 1558947757023, 20, 2, 22
1558947758004, 1558947758025, 21, 2, 23
1558947759004, 1558947759030, 26, 2, 28
1558947760003, 1558947760022, 19, 2, 21
1558947761003, 1558947761021, 18, 2, 20
1558947762003, 1558947762020, 17, 2, 19
1558947763004, 1558947763022, 18, 2, 20
1558947764003, 1558947764027, 24, 2, 26
1558947765003, 1558947765014, 11, 1, 12
1558947766003, 1558947766021, 18, 2, 20
1558947767003, 1558947767018, 15, 1, 16
1558947768003, 1558947768023, 20, 2, 22
1558947769004, 1558947769022, 18, 2, 20
1558947770003, 1558947770023, 20, 1, 21
1558947771003, 1558947771020, 17, 2, 19
1558947772003, 1558947772027, 24, 1, 25
1558947773003, 1558947773031, 28, 2, 30
1558947774003, 1558947774021, 18, 1, 19
1558947775003, 1558947775021, 18, 1, 19
1558947776001, 1558947776007, 6, 1, 7
1558947777002, 1558947777010, 8, 1, 9
1558947778001, 1558947778008, 7, 0, 7
1558947779003, 1558947779055, 52, 2, 54
1558947780003, 1558947780034, 31, 1, 32
1558947781003, 1558947781020, 17, 2, 19
1558947782001, 1558947782007, 6, 0, 6
1558947783003, 1558947783016, 13, 2, 15
1558947784002, 1558947784011, 9, 1, 10
1558947785003, 1558947785017, 14, 2, 16
1558947786002, 1558947786018, 16, 1, 17
1558947787002, 1558947787012, 10, 1, 11
1558947788003, 1558947788040, 37, 2, 39
1558947789002, 1558947789019, 17, 1, 18
1558947790003, 1558947790021, 18, 1, 19
1558947791003, 1558947791019, 16, 2, 18
1558947792002, 1558947792011, 9, 1, 10
1558947793003, 1558947793015, 12, 2, 14
1558947794003, 1558947794018, 15, 2, 17
1558947795003, 1558947795019, 16, 2, 18
1558947796001, 1558947796006, 5, 1, 6
1558947797003, 1558947797018, 15, 2, 17
1558947798002, 1558947798019, 17, 1, 18
1558947799003, 1558947799015, 12, 2, 14
1558947800002, 1558947800021, 19, 1, 20
1558947801003, 1558947801018, 15, 2, 17
1558947802002, 1558947802017, 15, 1, 16
1558947803003, 1558947803018, 15, 2, 17
1558947804003, 1558947804044, 41, 1, 42
1558947805003, 1558947805020, 17, 2, 19
1558947806002, 1558947806017, 15, 1, 16
1558947807002, 1558947807017, 15, 1, 16
1558947808003, 1558947808010, 7, 1, 8
1558947809002, 1558947809017, 15, 1, 16
1558947810003, 1558947810016, 13, 1, 14
1558947811003, 1558947811017, 14, 2, 16
1558947812002, 1558947812017, 15, 1, 16
1558947813003, 1558947813021, 18, 1, 19
1558947814002, 1558947814021, 19, 1, 20
1558947815002, 1558947815019, 17, 1, 18
1558947816001, 1558947816007, 6, 1, 7
1558947817003, 1558947817018, 15, 2, 17
1558947818003, 1558947818035, 32, 3, 35
1558947819001, 1558947819005, 4, 1, 5
1558947820002, 1558947820014, 12, 1, 13
1558947928961, 1558947928961, 0, 46, 46
1558947929002, 1558947929252, 250, 1, 251
1558947930006, 1558947930029, 23, 3, 26
1558947931006, 1558947931024, 18, 4, 22
1558947932004, 1558947932024, 20, 2, 22
1558947933005, 1558947933052, 47, 3, 50
1558948075815, 1558948075815, 0, 56, 56
1558948076007, 1558948076297, 290, 3, 293
1558948077005, 1558948077028, 23, 3, 26
1558948078003, 1558948078028, 25, 2, 27
1558948079006, 1558948079058, 52, 3, 55
1558948218705, 1558948218705, 0, 46, 46
1558948219006, 1558948219317, 311, 3, 314
1558948220005, 1558948220027, 22, 3, 25
1558948221002, 1558948221022, 20, 1, 21
1558948222006, 1558948222111, 105, 4, 109
1558948223006, 1558948223034, 28, 4, 32
1558948224005, 1558948224035, 30, 3, 33
1558948586000, 1558948586000, 0, 45, 45
1558948587007, 1558948587007, 0, 4, 4
1558948589006, 1558948589006, 0, 3, 3
1558948677937, 1558948677937, 0, 11711, 11711
1558949376975, 1558949376975, 0, 650116, 650116
1558949413119, 1558949413119, 0, 49, 49
1558949414006, 1558949414154, 148, 4, 152
1559045455655, 1559045455655, 0, 47, 47
1559045456006, 1559045456187, 181, 3, 184
1559045457005, 1559045457033, 28, 3, 31
1559045458002, 1559045458021, 19, 1, 20
1559045568685, 1559045568832, 147, 48, 195
1559045569002, 1559045569054, 52, 1, 53
1559045570005, 1559045570024, 19, 3, 22
1559045571004, 1559045571029, 25, 2, 27
1559045616908, 1559045617063, 155, 47, 202
1559045617064, 1559045617091, 27, 1, 28
1559045618006, 1559045618030, 24, 3, 27
1559045619004, 1559045619043, 39, 2, 41
1559045942422, 1559045942681, 259, 45, 304
1559045943006, 1559045943079, 73, 3, 76
1559045944003, 1559045944056, 53, 2, 55
1559045945005, 1559045945122, 117, 3, 120
1559045946005, 1559045946092, 87, 3, 90
1559045947005, 1559045947073, 68, 2, 70
1559045948002, 1559045948002, 0, 1, 1
1559045949005, 1559045949005, 0, 3, 3
1559045950005, 1559045950005, 0, 2, 2
1559045951005, 1559045951005, 0, 2, 2
1559045952002, 1559045952002, 0, 1, 1
1559045953005, 1559045953005, 0, 3, 3
1559045954002, 1559045954002, 0, 1, 1
1559045955006, 1559045955006, 0, 4, 4
1559045956005, 1559045956005, 0, 3, 3
1559045957006, 1559045957006, 0, 3, 3
1559045958004, 1559045958005, 1, 2, 3
1559046038636, 1559046038921, 285, 48, 333
1559046039003, 1559046039128, 125, 2, 127
1559046040006, 1559046040046, 40, 4, 44
1559046041002, 1559046041043, 41, 1, 42
1559046042005, 1559046042062, 57, 3, 60
1559046043005, 1559046043053, 48, 3, 51
1559046044005, 1559046044006, 1, 2, 3
1559046045005, 1559046045044, 39, 3, 42
1559046046005, 1559046046050, 45, 3, 48
1559046047004, 1559046047060, 56, 2, 58
1559046048005, 1559046048057, 52, 3, 55
1559046049004, 1559046049039, 35, 2, 37
1559046050005, 1559046050039, 34, 3, 37
1559046051005, 1559046051005, 0, 3, 3
1559046052005, 1559046052038, 33, 3, 36
1559046053007, 1559046053048, 41, 4, 45
1559046054005, 1559046054092, 87, 4, 91
1559046055002, 1559046055033, 31, 1, 32
1559046056009, 1559046056043, 34, 2, 36
1559046057003, 1559046057047, 44, 2, 46
1559046058001, 1559046058001, 0, 1, 1
1559046059004, 1559046059013, 9, 2, 11
1559046060001, 1559046060010, 9, 1, 10
1559046061004, 1559046061024, 20, 3, 23
1559046062004, 1559046062023, 19, 3, 22
1559046063004, 1559046063013, 9, 2, 11
1559046064004, 1559046064019, 15, 2, 17
1559046851984, 1559046852313, 329, 48, 377
1559046852321, 1559046852363, 42, 8, 50
1559046853007, 1559046853114, 107, 3, 110
1559046854002, 1559046854043, 41, 1, 42
1559046855005, 1559046855154, 149, 3, 152
1559046856005, 1559046856082, 77, 3, 80
1559046857002, 1559046857002, 0, 1, 1
1559046858002, 1559046858031, 29, 1, 30
1559047060412, 1559047060680, 268, 47, 315
1559047061006, 1559047061149, 143, 4, 147
1559047062002, 1559047062056, 54, 1, 55
1559047063006, 1559047063063, 57, 4, 61
1559047064005, 1559047064070, 65, 3, 68
1559047065004, 1559047065044, 40, 2, 42
1559047066004, 1559047066043, 39, 2, 41
1559047067004, 1559047067072, 68, 2, 70
1559048348856, 1559048349169, 313, 46, 359
1559048349178, 1559048349241, 63, 1, 64
1559048350005, 1559048350061, 56, 2, 58
1559048351003, 1559048351027, 24, 2, 26
1559048352005, 1559048352097, 92, 3, 95
1559048419831, 1559048420144, 313, 42, 355
1559048420156, 1559048420203, 47, 1, 48
1559048421002, 1559048421060, 58, 1, 59
1559048422002, 1559048422079, 77, 1, 78
1559048423005, 1559048423095, 90, 3, 93
1559048479167, 1559048479457, 290, 55, 345
1559048480007, 1559048480061, 54, 4, 58
1559048481002, 1559048481066, 64, 1, 65
1559048664704, 1559048665120, 416, 64, 480
1559048665123, 1559048665204, 81, 2, 83
1559048666008, 1559048666081, 73, 7, 80
1559048667005, 1559048667102, 97, 2, 99
1559048668005, 1559048668141, 136, 3, 139
1559048669006, 1559048669077, 71, 3, 74
1559048670004, 1559048670032, 28, 1, 29
1559048671004, 1559048671037, 33, 2, 35
1559048672004, 1559048672035, 31, 1, 32
1559048673005, 1559048673046, 41, 2, 43
1559048674004, 1559048674055, 51, 2, 53
1559048675004, 1559048675046, 42, 2, 44
1559048676004, 1559048676032, 28, 2, 30
1559048677004, 1559048677035, 31, 2, 33
1559048678001, 1559048678025, 24, 1, 25
1559048679006, 1559048679051, 45, 2, 47
1559048680003, 1559048680037, 34, 2, 36
1559048681004, 1559048681040, 36, 2, 38
1559048682004, 1559048682035, 31, 2, 33
1559048683004, 1559048683024, 20, 2, 22
1559048684004, 1559048684019, 15, 2, 17
1559048685004, 1559048685025, 21, 3, 24
1559048686003, 1559048686012, 9, 2, 11
1559048687004, 1559048687023, 19, 2, 21
1559048688003, 1559048688026, 23, 2, 25
1559049553288, 1559049553572, 284, 47, 331
1559049554002, 1559049554050, 48, 1, 49
1559049555002, 1559049555028, 26, 1, 27
1559049556005, 1559049556133, 128, 3, 131
1559049557004, 1559049557056, 52, 2, 54
1559049558005, 1559049558038, 33, 2, 35
1559049559005, 1559049559033, 28, 3, 31
1559049560005, 1559049560024, 19, 3, 22
1559049561004, 1559049561048, 44, 3, 47
1559049562003, 1559049562040, 37, 2, 39
1559049563003, 1559049563054, 51, 2, 53
1559049564004, 1559049564033, 29, 2, 31
1559049565005, 1559049565014, 9, 2, 11
1559049566005, 1559049566032, 27, 3, 30
1559049567002, 1559049567017, 15, 1, 16
1559049568005, 1559049568019, 14, 2, 16
1559049569003, 1559049569017, 14, 1, 15
1559049570004, 1559049570013, 9, 2, 11
1559049571004, 1559049571018, 14, 2, 16
1559049572004, 1559049572021, 17, 2, 19
1559049573005, 1559049573019, 14, 3, 17
1559049574004, 1559049574015, 11, 3, 14
1559049575003, 1559049575011, 8, 2, 10
1559049576004, 1559049576045, 41, 2, 43
1559049577003, 1559049577011, 8, 1, 9
1559049578003, 1559049578012, 9, 1, 10
1559049579003, 1559049579009, 6, 2, 8
1559049580003, 1559049580010, 7, 2, 9
1559049581003, 1559049581010, 7, 2, 9
1559049582004, 1559049582013, 9, 3, 12
1559049583003, 1559049583010, 7, 2, 9
1559049584003, 1559049584009, 6, 2, 8
1559049585003, 1559049585011, 8, 2, 10
1559049586003, 1559049586010, 7, 1, 8
1559049587003, 1559049587009, 6, 2, 8
1559049588003, 1559049588018, 15, 2, 17
1559049589003, 1559049589013, 10, 2, 12
1559049590002, 1559049590009, 7, 1, 8
1559049591003, 1559049591010, 7, 2, 9
1559049592003, 1559049592008, 5, 2, 7
1559049593002, 1559049593008, 6, 1, 7
1559049594003, 1559049594017, 14, 1, 15
1559049595004, 1559049595016, 12, 2, 14
1559049871807, 1559049872089, 282, 53, 335
1559049872092, 1559049872121, 29, 1, 30
1559049873007, 1559049873043, 36, 4, 40
1559049874002, 1559049874050, 48, 1, 49
1559049875006, 1559049875138, 132, 3, 135
1559049876006, 1559049876040, 34, 3, 37
1559049877005, 1559049877026, 21, 2, 23
1559049878004, 1559049878030, 26, 2, 28
1559049879004, 1559049879022, 18, 2, 20
1559049880005, 1559049880025, 20, 3, 23
1559049881005, 1559049881017, 12, 3, 15
1559049882004, 1559049882029, 25, 3, 28
1559049883005, 1559049883016, 11, 3, 14
1559049884004, 1559049884040, 36, 2, 38
1559049885002, 1559049885018, 16, 1, 17
1559049886006, 1559049886048, 42, 2, 44
1559049887005, 1559049887036, 31, 3, 34
1559049888004, 1559049888034, 30, 2, 32
1559049889002, 1559049889007, 5, 1, 6
1559049890004, 1559049890034, 30, 2, 32
1559049891003, 1559049891019, 16, 1, 17
1559049892001, 1559049892015, 14, 0, 14
1559049893004, 1559049893014, 10, 2, 12
1559049894004, 1559049894051, 47, 3, 50
1559049895003, 1559049895019, 16, 2, 18
1559049896004, 1559049896017, 13, 3, 16
1559049897003, 1559049897015, 12, 2, 14
1559049898004, 1559049898018, 14, 3, 17
1559049899003, 1559049899018, 15, 2, 17
1559049900003, 1559049900016, 13, 2, 15
1559049901003, 1559049901014, 11, 2, 13
1559049902002, 1559049902006, 4, 1, 5
1559049903003, 1559049903018, 15, 1, 16
1559049904004, 1559049904015, 11, 2, 13
1559049905003, 1559049905017, 14, 2, 16
1559049906003, 1559049906015, 12, 2, 14
1559049907002, 1559049907009, 7, 1, 8
1559049981699, 1559049981965, 266, 49, 315
1559049982003, 1559049982051, 48, 2, 50
1559049983011, 1559049983077, 66, 9, 75
1559049984015, 1559049984114, 99, 6, 105
1559049985002, 1559049985064, 62, 1, 63
1559049986005, 1559049986072, 67, 3, 70
1559049987005, 1559049987023, 18, 2, 20
1559049988005, 1559049988019, 14, 3, 17
1559049989005, 1559049989036, 31, 3, 34
1559049990002, 1559049990036, 34, 1, 35
1559049991004, 1559049991057, 53, 2, 55
1559049992005, 1559049992040, 35, 3, 38
1559049993005, 1559049993039, 34, 3, 37
1559049994005, 1559049994025, 20, 3, 23
1559049995004, 1559049995020, 16, 2, 18
1559049996005, 1559049996026, 21, 2, 23
1559049997005, 1559049997027, 22, 3, 25
1559049998004, 1559049998015, 11, 2, 13
1559049999004, 1559049999015, 11, 3, 14
1559050000003, 1559050000010, 7, 2, 9
1559050001004, 1559050001011, 7, 3, 10
1559050002003, 1559050002020, 17, 2, 19
1559050003005, 1559050003022, 17, 4, 21
1559050004016, 1559050004032, 16, 14, 30
1559050005003, 1559050005021, 18, 2, 20
1559050006003, 1559050006015, 12, 2, 14
1559050007004, 1559050007010, 6, 2, 8
1559050008004, 1559050008010, 6, 2, 8
1559050009003, 1559050009010, 7, 2, 9
1559050010003, 1559050010018, 15, 2, 17
1559050011004, 1559050011015, 11, 2, 13
1559050012004, 1559050012011, 7, 2, 9
1559050013004, 1559050013009, 5, 2, 7
1559050014004, 1559050014019, 15, 3, 18
1559050015003, 1559050015009, 6, 2, 8
1559050016003, 1559050016018, 15, 2, 17
1559050017004, 1559050017024, 20, 2, 22
1559050018003, 1559050018027, 24, 1, 25
1559050019001, 1559050019008, 7, 0, 7
1559050020003, 1559050020020, 17, 2, 19
1559050021004, 1559050021017, 13, 2, 15
1559050022004, 1559050022018, 14, 2, 16
1559050023004, 1559050023017, 13, 2, 15
1559050024003, 1559050024023, 20, 1, 21
1559050025002, 1559050025011, 9, 2, 11
1559050026002, 1559050026006, 4, 1, 5
1559050027002, 1559050027011, 9, 1, 10
1559050028003, 1559050028053, 50, 2, 52
1559050029003, 1559050029008, 5, 2, 7
1559050030004, 1559050030015, 11, 2, 13
1559050031001, 1559050031006, 5, 1, 6
1559050032004, 1559050032022, 18, 2, 20
1559050033004, 1559050033016, 12, 2, 14
1559050034003, 1559050034015, 12, 2, 14
1559050035002, 1559050035014, 12, 1, 13
1559050036003, 1559050036015, 12, 2, 14
1559050037001, 1559050037006, 5, 1, 6
1559050038002, 1559050038007, 5, 1, 6
1559050039003, 1559050039013, 10, 2, 12
1559050040001, 1559050040005, 4, 1, 5
1559050041003, 1559050041018, 15, 2, 17
1559050042003, 1559050042016, 13, 2, 15
1559050043003, 1559050043014, 11, 2, 13
1559050044002, 1559050044006, 4, 1, 5
1559050045002, 1559050045006, 4, 1, 5
1559050046001, 1559050046009, 8, 0, 8
1559050047001, 1559050047009, 8, 1, 9
1559050048002, 1559050048017, 15, 1, 16
1559050049002, 1559050049013, 11, 1, 12
1559050050003, 1559050050010, 7, 2, 9
1559050051002, 1559050051028, 26, 1, 27
1559050052001, 1559050052006, 5, 0, 5
1559050053003, 1559050053049, 46, 3, 49
1559050054004, 1559050054011, 7, 1, 8
1559050409365, 1559050409617, 252, 49, 301
1559050410005, 1559050410102, 97, 3, 100
1559050411002, 1559050411044, 42, 1, 43
1559050412006, 1559050412145, 139, 3, 142
1559050413005, 1559050413051, 46, 2, 48
1559050414005, 1559050414033, 28, 2, 30
1559050415005, 1559050415038, 33, 3, 36
1559050416001, 1559050416038, 37, 1, 38
1559050417004, 1559050417040, 36, 2, 38
1559050418005, 1559050418067, 62, 2, 64
1559050419009, 1559050419033, 24, 6, 30
1559050420002, 1559050420042, 40, 1, 41
1559050421005, 1559050421028, 23, 3, 26
1559050422006, 1559050422030, 24, 3, 27
1559050423006, 1559050423035, 29, 3, 32
1559050424004, 1559050424016, 12, 2, 14
1559050425002, 1559050425037, 35, 1, 36
1559050426005, 1559050426054, 49, 4, 53
1559050427006, 1559050427032, 26, 3, 29
1559050428004, 1559050428033, 29, 2, 31
1559050429003, 1559050429022, 19, 2, 21
1559050430006, 1559050430028, 22, 5, 27
1559050431006, 1559050431031, 25, 5, 30
1559050432004, 1559050432022, 18, 2, 20
1559050433003, 1559050433012, 9, 2, 11
1559050434003, 1559050434016, 13, 2, 15
1559050435004, 1559050435011, 7, 2, 9
1559050436004, 1559050436010, 6, 2, 8
1559050437004, 1559050437014, 10, 2, 12
1559050438004, 1559050438012, 8, 2, 10
1559050439004, 1559050439013, 9, 2, 11
1559050440004, 1559050440010, 6, 2, 8
1559050441004, 1559050441011, 7, 2, 9
1559050442003, 1559050442018, 15, 2, 17
1559050443002, 1559050443006, 4, 1, 5
1559050444003, 1559050444010, 7, 2, 9
1559050445003, 1559050445011, 8, 2, 10
1559050446004, 1559050446011, 7, 2, 9
1559050447003, 1559050447009, 6, 2, 8
1559050448003, 1559050448010, 7, 2, 9
1559050449003, 1559050449014, 11, 2, 13
1559050450004, 1559050450010, 6, 2, 8
1559050451004, 1559050451010, 6, 2, 8
1559050452003, 1559050452014, 11, 1, 12
1559050453003, 1559050453010, 7, 2, 9
1559050454002, 1559050454008, 6, 1, 7
1559050455003, 1559050455009, 6, 1, 7
1559050456003, 1559050456010, 7, 2, 9
1559050457003, 1559050457027, 24, 2, 26
1559050458003, 1559050458011, 8, 1, 9
1559050459003, 1559050459008, 5, 2, 7
1559050460003, 1559050460010, 7, 2, 9
1559050461002, 1559050461009, 7, 1, 8
1559050462003, 1559050462010, 7, 1, 8
1559050463003, 1559050463010, 7, 2, 9
1559050464003, 1559050464010, 7, 1, 8
1559050465003, 1559050465015, 12, 2, 14
1559050466002, 1559050466011, 9, 1, 10
1559050467003, 1559050467009, 6, 1, 7
1559050468002, 1559050468048, 46, 1, 47
1559050469003, 1559050469010, 7, 1, 8
1559050470003, 1559050470016, 13, 1, 14
1559050471001, 1559050471006, 5, 0, 5
1559050472003, 1559050472009, 6, 2, 8
1559050473002, 1559050473014, 12, 1, 13
1559050670142, 1559050670443, 301, 54, 355
1559050671005, 1559050671054, 49, 3, 52
1559050672003, 1559050672027, 24, 1, 25
1559050673005, 1559050673031, 26, 3, 29
1559050674005, 1559050674053, 48, 3, 51
1559050675004, 1559050675024, 20, 2, 22
1559050676004, 1559050676019, 15, 2, 17
1559050677004, 1559050677043, 39, 2, 41
1559050678005, 1559050678024, 19, 3, 22
1559050679004, 1559050679051, 47, 2, 49
1559050680004, 1559050680015, 11, 2, 13
1559050681004, 1559050681022, 18, 2, 20
1559050682005, 1559050682039, 34, 3, 37
1559050683005, 1559050683024, 19, 3, 22
1559050684004, 1559050684017, 13, 2, 15
1559050685006, 1559050685015, 9, 3, 12
1559050686004, 1559050686031, 27, 2, 29
1559050687005, 1559050687017, 12, 3, 15
1559050688004, 1559050688011, 7, 2, 9
1559050689004, 1559050689021, 17, 2, 19
1559050690004, 1559050690028, 24, 2, 26
1559050691004, 1559050691012, 8, 2, 10
1559050692004, 1559050692013, 9, 2, 11
1559050693004, 1559050693010, 6, 2, 8
1559050694004, 1559050694021, 17, 2, 19
1559050695003, 1559050695017, 14, 1, 15
1559050696003, 1559050696009, 6, 2, 8
1559050697003, 1559050697010, 7, 2, 9
1559050698004, 1559050698011, 7, 2, 9
1559050699003, 1559050699012, 9, 1, 10
1559050700003, 1559050700010, 7, 2, 9
1559050701003, 1559050701011, 8, 2, 10
1559050702004, 1559050702013, 9, 2, 11
1559050703004, 1559050703015, 11, 2, 13
1559050704003, 1559050704009, 6, 1, 7
1559050705003, 1559050705016, 13, 2, 15
1559050706003, 1559050706009, 6, 2, 8
1559050707003, 1559050707016, 13, 2, 15
1559050708003, 1559050708010, 7, 2, 9
1559050709003, 1559050709012, 9, 1, 10
1559050710003, 1559050710011, 8, 2, 10
1559050711004, 1559050711010, 6, 2, 8
1559050712004, 1559050712021, 17, 2, 19
1559050713003, 1559050713009, 6, 1, 7
1559050714002, 1559050714015, 13, 1, 14
1559050715002, 1559050715007, 5, 1, 6
1559050716003, 1559050716012, 9, 2, 11
1559050917429, 1559050917714, 285, 49, 334
1559050918006, 1559050918139, 133, 4, 137
1559050919002, 1559050919031, 29, 1, 30
1559050920005, 1559050920091, 86, 3, 89
1559050921005, 1559050921030, 25, 3, 28
1559050922004, 1559050922055, 51, 2, 53
1559050923004, 1559050923021, 17, 2, 19
1559050924004, 1559050924034, 30, 2, 32
1559050925005, 1559050925051, 46, 3, 49
1559050926004, 1559050926020, 16, 2, 18
1559050927004, 1559050927019, 15, 2, 17
1559050928004, 1559050928018, 14, 3, 17
1559050929004, 1559050929014, 10, 2, 12
1559050930005, 1559050930031, 26, 3, 29
1559050931005, 1559050931015, 10, 3, 13
1559050932005, 1559050932028, 23, 2, 25
1559050933004, 1559050933036, 32, 2, 34
1559050934004, 1559050934014, 10, 2, 12
1559050935003, 1559050935014, 11, 2, 13
1559050936004, 1559050936011, 7, 2, 9
1559050937006, 1559050937011, 5, 4, 9
1559050938004, 1559050938056, 52, 3, 55
1559050939003, 1559050939013, 10, 2, 12
1559050940003, 1559050940011, 8, 2, 10
1559050941003, 1559050941017, 14, 2, 16
1559050942004, 1559050942015, 11, 2, 13
1559050943003, 1559050943011, 8, 2, 10
1559050944003, 1559050944012, 9, 2, 11
1559050945004, 1559050945026, 22, 2, 24
1559050946003, 1559050946015, 12, 2, 14
1559051024882, 1559051025181, 299, 48, 347
1559051025187, 1559051025236, 49, 1, 50
1559051026004, 1559051026070, 66, 2, 68
1559051027005, 1559051027025, 20, 3, 23
1559051028004, 1559051028064, 60, 2, 62
1559051029004, 1559051029019, 15, 2, 17
1559051030004, 1559051030018, 14, 3, 17
1559051031004, 1559051031023, 19, 2, 21
1559051032004, 1559051032018, 14, 2, 16
1559051033004, 1559051033022, 18, 2, 20
1559051034004, 1559051034021, 17, 2, 19
1559051035003, 1559051035037, 34, 2, 36
1559051052738, 1559051053048, 310, 44, 354
1559051053052, 1559051053118, 66, 1, 67
1559051054005, 1559051054032, 27, 2, 29
1559051055002, 1559051055031, 29, 0, 29
1559051056005, 1559051056092, 87, 3, 90
1559051057006, 1559051057047, 41, 3, 44
1559051058005, 1559051058034, 29, 3, 32
1559051059005, 1559051059029, 24, 2, 26
1559051060004, 1559051060021, 17, 2, 19
1559051061005, 1559051061036, 31, 3, 34
1559051062004, 1559051062015, 11, 2, 13
1559051063004, 1559051063021, 17, 3, 20
1559051064004, 1559051064015, 11, 3, 14
1559051065003, 1559051065019, 16, 2, 18
1559051066003, 1559051066028, 25, 2, 27
1559051067006, 1559051067031, 25, 3, 28
1559051068005, 1559051068030, 25, 3, 28
1559051069005, 1559051069023, 18, 2, 20
1559051070004, 1559051070032, 28, 2, 30
1559051071004, 1559051071025, 21, 2, 23
1559051111764, 1559051112084, 320, 44, 364
1559051112091, 1559051112124, 33, 1, 34
1559051113005, 1559051113048, 43, 2, 45
1559051114002, 1559051114031, 29, 1, 30
1559051115005, 1559051115122, 117, 3, 120
1559051116005, 1559051116029, 24, 3, 27
1559051117005, 1559051117042, 37, 3, 40
1559051118004, 1559051118033, 29, 2, 31
1559051119005, 1559051119024, 19, 2, 21
1559051120005, 1559051120016, 11, 2, 13
1559051121004, 1559051121023, 19, 3, 22
1559051122004, 1559051122029, 25, 2, 27
1559051123005, 1559051123020, 15, 3, 18
1559051124004, 1559051124029, 25, 2, 27
1559051125005, 1559051125017, 12, 3, 15
1559051126005, 1559051126043, 38, 2, 40
1559051127003, 1559051127037, 34, 1, 35
1559051128004, 1559051128029, 25, 2, 27
1559051129002, 1559051129009, 7, 1, 8
1559051130004, 1559051130025, 21, 2, 23
1559051131003, 1559051131035, 32, 2, 34
1559051132003, 1559051132021, 18, 2, 20
1559051133004, 1559051133025, 21, 2, 23
1559051134001, 1559051134005, 4, 1, 5
1559051135003, 1559051135015, 12, 2, 14
1559051136003, 1559051136016, 13, 1, 14
1559051137004, 1559051137017, 13, 3, 16
1559051138003, 1559051138028, 25, 2, 27
1559051139003, 1559051139013, 10, 2, 12
1559051140003, 1559051140019, 16, 2, 18
1559051141001, 1559051141007, 6, 1, 7
1559051142004, 1559051142018, 14, 2, 16
1559053566828, 1559053567139, 311, 50, 361
1559053567141, 1559053567188, 47, 2, 49
1559053568005, 1559053568036, 31, 2, 33
1559053569002, 1559053569016, 14, 1, 15
1559053570006, 1559053570045, 39, 3, 42
1559053571004, 1559053571037, 33, 2, 35
1559053572004, 1559053572024, 20, 2, 22
1559053573005, 1559053573028, 23, 2, 25
1559053574005, 1559053574023, 18, 3, 21
1559053575004, 1559053575022, 18, 2, 20
1559053576004, 1559053576023, 19, 2, 21
1559053577004, 1559053577023, 19, 2, 21
1559053578004, 1559053578013, 9, 2, 11
1559053579004, 1559053579024, 20, 2, 22
1559053580003, 1559053580014, 11, 2, 13
1559053581005, 1559053581018, 13, 2, 15
1559053582004, 1559053582018, 14, 2, 16
1559053583004, 1559053583014, 10, 2, 12
1559053584004, 1559053584014, 10, 3, 13
1559053585003, 1559053585018, 15, 2, 17
1559053586003, 1559053586017, 14, 2, 16
1559053587004, 1559053587025, 21, 3, 24
1559053588003, 1559053588025, 22, 2, 24
1559053589003, 1559053589009, 6, 2, 8
1559053590004, 1559053590011, 7, 2, 9
1559053591004, 1559053591011, 7, 2, 9
1559053592003, 1559053592010, 7, 2, 9
1559053593003, 1559053593018, 15, 2, 17
1559053594003, 1559053594010, 7, 2, 9
1559120344223, 1559120344545, 322, 47, 369
1559120345005, 1559120345091, 86, 3, 89
1559120346005, 1559120346077, 72, 2, 74
1559120347002, 1559120347034, 32, 1, 33
1559120348005, 1559120348061, 56, 3, 59
1559120405935, 1559120406241, 306, 51, 357
1559120406242, 1559120406274, 32, 1, 33
1559120407005, 1559120407064, 59, 3, 62
1559120408005, 1559120408023, 18, 3, 21
1559120409005, 1559120409086, 81, 3, 84
1559120410002, 1559120410046, 44, 1, 45
1559120600936, 1559120601366, 430, 62, 492
1559120601377, 1559120601464, 87, 2, 89
1559120602006, 1559120602114, 108, 3, 111
1559120603006, 1559120603035, 29, 3, 32
1559120604005, 1559120604054, 49, 3, 52
1559120605007, 1559120605054, 47, 4, 51
1559120637795, 1559120638127, 332, 53, 385
1559120638129, 1559120638181, 52, 2, 54
1559120639006, 1559120639032, 26, 2, 28
1559120640005, 1559120640026, 21, 3, 24
1559120641006, 1559120641043, 37, 3, 40
1559120642006, 1559120642028, 22, 3, 25
1559120643005, 1559120643039, 34, 3, 37
1559120644004, 1559120644053, 49, 3, 52
1559120645005, 1559120645032, 27, 3, 30
1559120646004, 1559120646053, 49, 2, 51
1559120647005, 1559120647031, 26, 2, 28
1559120648005, 1559120648043, 38, 3, 41
1559120649005, 1559120649018, 13, 3, 16
1559120650005, 1559120650044, 39, 3, 42
1559120651004, 1559120651014, 10, 2, 12
1559120652006, 1559120652039, 33, 3, 36
1559120653004, 1559120653023, 19, 2, 21
1559120687458, 1559120687751, 293, 70, 363
1559120688005, 1559120688050, 45, 4, 49
1559120689005, 1559120689049, 44, 3, 47
1559120690005, 1559120690032, 27, 3, 30
1559120691005, 1559120691051, 46, 3, 49
1559120692004, 1559120692047, 43, 2, 45
1559120765971, 1559120766267, 296, 59, 355
1559120766273, 1559120766309, 36, 2, 38
1559120767006, 1559120767085, 79, 3, 82
1559120768006, 1559120768037, 31, 3, 34
1559120769005, 1559120769034, 29, 2, 31
1559120770005, 1559120770068, 63, 3, 66
1559120771005, 1559120771051, 46, 3, 49
1559121321696, 1559121321947, 251, 46, 297
1559121322002, 1559121322025, 23, 1, 24
1559121323007, 1559121323042, 35, 4, 39
1559121324006, 1559121324018, 12, 4, 16
1559121325005, 1559121325030, 25, 3, 28
1559121326006, 1559121326041, 35, 3, 38
1559121327006, 1559121327038, 32, 3, 35
1559121375993, 1559121376267, 274, 47, 321
1559121376269, 1559121376288, 19, 1, 20
1559121377006, 1559121377058, 52, 4, 56
1559121378006, 1559121378019, 13, 4, 17
1559121379005, 1559121379051, 46, 3, 49
1559121380005, 1559121380037, 32, 3, 35
1559121430515, 1559121430768, 253, 52, 305
1559121431006, 1559121431063, 57, 3, 60
1559121519690, 1559121519951, 261, 52, 313
1559121520003, 1559121520042, 39, 2, 41
1559121521006, 1559121521042, 36, 4, 40
1559121522006, 1559121522053, 47, 4, 51
1559123496713, 1559123496960, 247, 50, 297
1559123497002, 1559123497021, 19, 1, 20
1559123498003, 1559123498035, 32, 2, 34
1559123499002, 1559123499013, 11, 1, 12
1559123500005, 1559123500058, 53, 3, 56
1559123542487, 1559123542888, 401, 70, 471
1559123543009, 1559123543037, 28, 8, 36
1559123544002, 1559123544015, 13, 1, 14
1559123545008, 1559123545088, 80, 5, 85
1559123546005, 1559123546046, 41, 3, 44
1559123547005, 1559123547042, 37, 3, 40
1559123548006, 1559123548039, 33, 3, 36
1559123549006, 1559123549020, 14, 4, 18
1559123653242, 1559123653553, 311, 67, 378
1559123654005, 1559123654032, 27, 3, 30
1559123655002, 1559123655044, 42, 1, 43
